  7.0000000e+000  1.4200000e+002  1.0000000e+000  1.0100000e+002  3.2200000e+002  3.5500000e+002
  7.0000000e+000  1.4200000e+002  2.0000000e+000  1.0100000e+002  3.4300000e+002  3.8400000e+002
  7.0000000e+000  1.4200000e+002  3.0000000e+000  1.0100000e+002  1.3360000e+003  1.3740000e+003
  7.0000000e+000  1.4200000e+002  4.0000000e+000  1.0100000e+002  5.7200000e+002  6.1200000e+002
  7.0000000e+000  1.4200000e+002  5.0000000e+000  1.0100000e+002  1.4870000e+003  1.5280000e+003
  7.0000000e+000  1.4200000e+002  6.0000000e+000  1.0100000e+002  1.4900000e+002  1.9200000e+002
  7.0000000e+000  1.4200000e+002  7.0000000e+000  1.0100000e+002  9.8900000e+002  1.0220000e+003
  7.0000000e+000  1.4200000e+002  8.0000000e+000  1.0100000e+002  3.7200000e+002  4.0700000e+002
  7.0000000e+000  1.4200000e+002  9.0000000e+000  1.0100000e+002  2.0600000e+002  2.4900000e+002
  7.0000000e+000  1.4200000e+002  1.0000000e+001  1.0100000e+002  8.7000000e+002  9.0800000e+002
  7.0000000e+000  1.4200000e+002  1.1000000e+001  1.0100000e+002  4.7600000e+002  5.1200000e+002
  7.0000000e+000  1.4200000e+002  1.2000000e+001  1.0100000e+002  4.4300000e+002  4.8100000e+002
  7.0000000e+000  1.4200000e+002  1.3000000e+001  1.0100000e+002  1.4600000e+002  1.7700000e+002
  7.0000000e+000  1.4200000e+002  1.4000000e+001  1.0100000e+002  1.1380000e+003  1.1710000e+003
  7.0000000e+000  1.4200000e+002  1.5000000e+001  1.0100000e+002  4.6100000e+002  4.9400000e+002
  7.0000000e+000  1.4200000e+002  1.6000000e+001  1.0100000e+002  1.6190000e+003  1.6640000e+003
  7.0000000e+000  1.4200000e+002  1.7000000e+001  1.0100000e+002  2.2300000e+002  2.6500000e+002
  7.0000000e+000  1.4200000e+002  1.8000000e+001  1.0100000e+002  1.2110000e+003  1.2540000e+003
  7.0000000e+000  1.4200000e+002  1.9000000e+001  1.0100000e+002  3.4500000e+002  3.8700000e+002
  7.0000000e+000  1.4200000e+002  2.0000000e+001  1.0100000e+002  2.4600000e+002  2.8300000e+002
  7.0000000e+000  1.4300000e+002  1.0000000e+000  1.0200000e+002  1.0190000e+003  1.0450000e+003
  7.0000000e+000  1.4300000e+002  2.0000000e+000  1.0200000e+002  7.4100000e+002  7.7700000e+002
  7.0000000e+000  1.4300000e+002  3.0000000e+000  1.0200000e+002  4.5300000e+002  4.8500000e+002
  7.0000000e+000  1.4300000e+002  4.0000000e+000  1.0200000e+002  2.2100000e+002  2.6100000e+002
  7.0000000e+000  1.4300000e+002  5.0000000e+000  1.0200000e+002  1.5400000e+002  1.9800000e+002
  7.0000000e+000  1.4300000e+002  6.0000000e+000  1.0200000e+002  1.1200000e+002  1.5000000e+002
  7.0000000e+000  1.4300000e+002  7.0000000e+000  1.0200000e+002  1.0000000e+002  1.1100000e+002
  7.0000000e+000  1.4300000e+002  8.0000000e+000  1.0200000e+002  3.4300000e+002  3.8500000e+002
  7.0000000e+000  1.4300000e+002  9.0000000e+000  1.0200000e+002  1.4170000e+003  1.4610000e+003
  7.0000000e+000  1.4300000e+002  1.0000000e+001  1.0200000e+002  3.4700000e+002  3.8900000e+002
  7.0000000e+000  1.4300000e+002  1.1000000e+001  1.0200000e+002  5.5800000e+002  5.9400000e+002
  7.0000000e+000  1.4300000e+002  1.2000000e+001  1.0200000e+002  2.6400000e+002  2.9300000e+002
  7.0000000e+000  1.4300000e+002  1.3000000e+001  1.0200000e+002  1.4550000e+003  1.4860000e+003
  7.0000000e+000  1.4300000e+002  1.4000000e+001  1.0200000e+002  9.8600000e+002  1.0170000e+003
  7.0000000e+000  1.4300000e+002  1.5000000e+001  1.0200000e+002  4.2700000e+002  4.7000000e+002
  7.0000000e+000  1.4300000e+002  1.6000000e+001  1.0200000e+002  3.8300000e+002  4.2600000e+002
  7.0000000e+000  1.4300000e+002  1.7000000e+001  1.0200000e+002  1.4400000e+002  1.7800000e+002
  7.0000000e+000  1.4300000e+002  1.8000000e+001  1.0200000e+002  1.0220000e+003  1.0580000e+003
  7.0000000e+000  1.4300000e+002  1.9000000e+001  1.0200000e+002  1.8940000e+003  1.9280000e+003
  7.0000000e+000  1.4300000e+002  2.0000000e+001  1.0200000e+002  3.5500000e+002  3.9900000e+002
  7.0000000e+000  1.4400000e+002  1.0000000e+000  1.1700000e+002  2.2300000e+002  2.7200000e+002
  7.0000000e+000  1.4400000e+002  2.0000000e+000  1.1700000e+002  9.8900000e+002  1.0340000e+003
  7.0000000e+000  1.4400000e+002  3.0000000e+000  1.1700000e+002  2.6100000e+002  3.0300000e+002
  7.0000000e+000  1.4400000e+002  4.0000000e+000  1.1700000e+002  9.6500000e+002  9.9700000e+002
  7.0000000e+000  1.4400000e+002  5.0000000e+000  1.1700000e+002  1.7400000e+002  2.0500000e+002
  7.0000000e+000  1.4400000e+002  6.0000000e+000  1.1700000e+002  2.2000000e+002  2.6300000e+002
  7.0000000e+000  1.4400000e+002  7.0000000e+000  1.1700000e+002  5.7200000e+002  6.0100000e+002
  7.0000000e+000  1.4400000e+002  8.0000000e+000  1.1700000e+002  4.8500000e+002  5.1700000e+002
  7.0000000e+000  1.4400000e+002  9.0000000e+000  1.1700000e+002  5.6400000e+002  6.0200000e+002
  7.0000000e+000  1.4400000e+002  1.0000000e+001  1.1700000e+002  9.9100000e+002  1.0230000e+003
  7.0000000e+000  1.4400000e+002  1.1000000e+001  1.1700000e+002  4.7600000e+002  5.2100000e+002
  7.0000000e+000  1.4400000e+002  1.2000000e+001  1.1700000e+002  2.0780000e+003  2.1190000e+003
  7.0000000e+000  1.4400000e+002  1.3000000e+001  1.1700000e+002  1.4400000e+003  1.4880000e+003
  7.0000000e+000  1.4400000e+002  1.4000000e+001  1.1700000e+002  1.1800000e+002  1.4400000e+002
  7.0000000e+000  1.4400000e+002  1.5000000e+001  1.1700000e+002  4.9800000e+002  5.5400000e+002
  7.0000000e+000  1.4400000e+002  1.6000000e+001  1.1700000e+002  1.1940000e+003  1.2330000e+003
  7.0000000e+000  1.4400000e+002  1.7000000e+001  1.1700000e+002  1.3260000e+003  1.3650000e+003
  7.0000000e+000  1.4400000e+002  1.8000000e+001  1.1700000e+002  4.3400000e+002  4.6600000e+002
  7.0000000e+000  1.4400000e+002  1.9000000e+001  1.1700000e+002  2.5500000e+002  3.0600000e+002
  7.0000000e+000  1.4400000e+002  2.0000000e+001  1.1700000e+002  4.4700000e+002  4.8800000e+002
  7.0000000e+000  1.4500000e+002  1.0000000e+000  1.0900000e+002  6.1800000e+002  6.5600000e+002
  7.0000000e+000  1.4500000e+002  2.0000000e+000  1.0900000e+002  2.4900000e+002  2.8400000e+002
  7.0000000e+000  1.4500000e+002  3.0000000e+000  1.0900000e+002  1.5300000e+002  1.6600000e+002
  7.0000000e+000  1.4500000e+002  4.0000000e+000  1.0900000e+002  2.0300000e+002  2.5500000e+002
  7.0000000e+000  1.4500000e+002  5.0000000e+000  1.0900000e+002  2.6300000e+002  3.0000000e+002
  7.0000000e+000  1.4500000e+002  6.0000000e+000  1.0900000e+002  1.1200000e+002  1.3900000e+002
  7.0000000e+000  1.4500000e+002  7.0000000e+000  1.0900000e+002  1.0630000e+003  1.0960000e+003
  7.0000000e+000  1.4500000e+002  8.0000000e+000  1.0900000e+002  2.9600000e+002  3.3200000e+002
  7.0000000e+000  1.4500000e+002  9.0000000e+000  1.0900000e+002  8.5600000e+002  8.9900000e+002
  7.0000000e+000  1.4500000e+002  1.0000000e+001  1.0900000e+002  3.6300000e+002  3.9800000e+002
  7.0000000e+000  1.4500000e+002  1.1000000e+001  1.0900000e+002  2.8400000e+002  3.2500000e+002
  7.0000000e+000  1.4500000e+002  1.2000000e+001  1.0900000e+002  3.5400000e+002  3.8700000e+002
  7.0000000e+000  1.4500000e+002  1.3000000e+001  1.0900000e+002  1.8000000e+002  2.1600000e+002
  7.0000000e+000  1.4500000e+002  1.4000000e+001  1.0900000e+002  5.7500000e+002  6.1400000e+002
  7.0000000e+000  1.4500000e+002  1.5000000e+001  1.0900000e+002  3.1100000e+002  3.5800000e+002
  7.0000000e+000  1.4500000e+002  1.6000000e+001  1.0900000e+002  2.4700000e+002  2.6900000e+002
  7.0000000e+000  1.4500000e+002  1.7000000e+001  1.0900000e+002  1.4200000e+002  1.5300000e+002
  7.0000000e+000  1.4500000e+002  1.8000000e+001  1.0900000e+002  6.0500000e+002  6.3300000e+002
  7.0000000e+000  1.4500000e+002  1.9000000e+001  1.0900000e+002  7.6700000e+002  7.9800000e+002
  7.0000000e+000  1.4500000e+002  2.0000000e+001  1.0900000e+002  3.4500000e+002  3.7400000e+002
  7.0000000e+000  1.4600000e+002  1.0000000e+000  1.0500000e+002  4.3200000e+002  4.7600000e+002
  7.0000000e+000  1.4600000e+002  2.0000000e+000  1.0500000e+002  1.9600000e+002  2.2300000e+002
  7.0000000e+000  1.4600000e+002  3.0000000e+000  1.0500000e+002  7.0600000e+002  7.3500000e+002
  7.0000000e+000  1.4600000e+002  4.0000000e+000  1.0500000e+002  1.8130000e+003  1.8420000e+003
  7.0000000e+000  1.4600000e+002  5.0000000e+000  1.0500000e+002  3.9100000e+002  4.1600000e+002
  7.0000000e+000  1.4600000e+002  6.0000000e+000  1.0500000e+002  1.8500000e+002  2.2300000e+002
  7.0000000e+000  1.4600000e+002  7.0000000e+000  1.0500000e+002  5.7100000e+002  6.1100000e+002
  7.0000000e+000  1.4600000e+002  8.0000000e+000  1.0500000e+002  1.7000000e+002  2.0200000e+002
  7.0000000e+000  1.4600000e+002  9.0000000e+000  1.0500000e+002  7.2400000e+002  7.5800000e+002
  7.0000000e+000  1.4600000e+002  1.0000000e+001  1.0500000e+002  1.5200000e+002  1.9100000e+002
  7.0000000e+000  1.4600000e+002  1.1000000e+001  1.0500000e+002  5.8700000e+002  6.3000000e+002
  7.0000000e+000  1.4600000e+002  1.2000000e+001  1.0500000e+002  8.4400000e+002  8.7900000e+002
  7.0000000e+000  1.4600000e+002  1.3000000e+001  1.0500000e+002  1.4410000e+003  1.4790000e+003
  7.0000000e+000  1.4600000e+002  1.4000000e+001  1.0500000e+002  3.3800000e+002  3.7700000e+002
  7.0000000e+000  1.4600000e+002  1.5000000e+001  1.0500000e+002  4.6700000e+002  5.0900000e+002
  7.0000000e+000  1.4600000e+002  1.6000000e+001  1.0500000e+002  1.5700000e+002  2.0400000e+002
  7.0000000e+000  1.4600000e+002  1.7000000e+001  1.0500000e+002  1.8500000e+002  2.3200000e+002
  7.0000000e+000  1.4600000e+002  1.8000000e+001  1.0500000e+002  1.5850000e+003  1.6200000e+003
  7.0000000e+000  1.4600000e+002  1.9000000e+001  1.0500000e+002  1.2230000e+003  1.2530000e+003
  7.0000000e+000  1.4600000e+002  2.0000000e+001  1.0500000e+002  1.5700000e+002  2.0800000e+002
  7.0000000e+000  1.4700000e+002  1.0000000e+000  1.0700000e+002  9.2900000e+002  9.7100000e+002
  7.0000000e+000  1.4700000e+002  2.0000000e+000  1.0700000e+002  1.4090000e+003  1.4520000e+003
  7.0000000e+000  1.4700000e+002  3.0000000e+000  1.0700000e+002  7.0200000e+002  7.4000000e+002
  7.0000000e+000  1.4700000e+002  4.0000000e+000  1.0700000e+002  1.3520000e+003  1.3810000e+003
  7.0000000e+000  1.4700000e+002  5.0000000e+000  1.0700000e+002  2.9400000e+002  3.3100000e+002
  7.0000000e+000  1.4700000e+002  6.0000000e+000  1.0700000e+002  2.3800000e+002  2.7200000e+002
  7.0000000e+000  1.4700000e+002  7.0000000e+000  1.0700000e+002  7.9200000e+002  8.4000000e+002
  7.0000000e+000  1.4700000e+002  8.0000000e+000  1.0700000e+002  4.4400000e+002  4.8200000e+002
  7.0000000e+000  1.4700000e+002  9.0000000e+000  1.0700000e+002  1.8400000e+002  2.2000000e+002
  7.0000000e+000  1.4700000e+002  1.0000000e+001  1.0700000e+002  3.2500000e+002  3.6100000e+002
  7.0000000e+000  1.4700000e+002  1.1000000e+001  1.0700000e+002  5.4700000e+002  5.8900000e+002
  7.0000000e+000  1.4700000e+002  1.2000000e+001  1.0700000e+002  2.7800000e+002  3.1800000e+002
  7.0000000e+000  1.4700000e+002  1.3000000e+001  1.0700000e+002  1.1730000e+003  1.2160000e+003
  7.0000000e+000  1.4700000e+002  1.4000000e+001  1.0700000e+002  2.9800000e+002  3.2200000e+002
  7.0000000e+000  1.4700000e+002  1.5000000e+001  1.0700000e+002  3.8800000e+002  4.2400000e+002
  7.0000000e+000  1.4700000e+002  1.6000000e+001  1.0700000e+002  8.5000000e+002  8.8000000e+002
  7.0000000e+000  1.4700000e+002  1.7000000e+001  1.0700000e+002  6.0400000e+002  6.4400000e+002
  7.0000000e+000  1.4700000e+002  1.8000000e+001  1.0700000e+002  2.5200000e+002  2.9200000e+002
  7.0000000e+000  1.4700000e+002  1.9000000e+001  1.0700000e+002  1.3400000e+002  1.7400000e+002
  7.0000000e+000  1.4700000e+002  2.0000000e+001  1.0700000e+002  2.0500000e+002  2.3600000e+002
  7.0000000e+000  1.4800000e+002  1.0000000e+000  1.0400000e+002  4.3200000e+002  4.6900000e+002
  7.0000000e+000  1.4800000e+002  2.0000000e+000  1.0400000e+002  8.5200000e+002  8.9300000e+002
  7.0000000e+000  1.4800000e+002  3.0000000e+000  1.0400000e+002  1.6400000e+002  2.0300000e+002
  7.0000000e+000  1.4800000e+002  4.0000000e+000  1.0400000e+002  7.5700000e+002  8.0100000e+002
  7.0000000e+000  1.4800000e+002  5.0000000e+000  1.0400000e+002  2.6800000e+002  3.0400000e+002
  7.0000000e+000  1.4800000e+002  6.0000000e+000  1.0400000e+002  2.4400000e+002  2.7900000e+002
  7.0000000e+000  1.4800000e+002  7.0000000e+000  1.0400000e+002  4.0500000e+002  4.4100000e+002
  7.0000000e+000  1.4800000e+002  8.0000000e+000  1.0400000e+002             NaN             NaN
  7.0000000e+000  1.4800000e+002  9.0000000e+000  1.0400000e+002  3.0700000e+002  3.3500000e+002
  7.0000000e+000  1.4800000e+002  1.0000000e+001  1.0400000e+002  1.5600000e+002  1.9000000e+002
  7.0000000e+000  1.4800000e+002  1.1000000e+001  1.0400000e+002  2.1200000e+002  2.4600000e+002
  7.0000000e+000  1.4800000e+002  1.2000000e+001  1.0400000e+002  2.9800000e+002  3.3700000e+002
  7.0000000e+000  1.4800000e+002  1.3000000e+001  1.0400000e+002  7.4300000e+002  7.7700000e+002
  7.0000000e+000  1.4800000e+002  1.4000000e+001  1.0400000e+002  2.5800000e+002  2.8900000e+002
  7.0000000e+000  1.4800000e+002  1.5000000e+001  1.0400000e+002  5.0000000e+002  5.4000000e+002
  7.0000000e+000  1.4800000e+002  1.6000000e+001  1.0400000e+002  1.2830000e+003  1.3200000e+003
  7.0000000e+000  1.4800000e+002  1.7000000e+001  1.0400000e+002  5.1800000e+002  5.6700000e+002
  7.0000000e+000  1.4800000e+002  1.8000000e+001  1.0400000e+002  1.0260000e+003  1.0660000e+003
  7.0000000e+000  1.4800000e+002  1.9000000e+001  1.0400000e+002  2.6100000e+002  3.0200000e+002
  7.0000000e+000  1.4800000e+002  2.0000000e+001  1.0400000e+002  2.6600000e+002  2.9300000e+002
  7.0000000e+000  1.4900000e+002  1.0000000e+000  1.0100000e+002  1.2300000e+002  1.6300000e+002
  7.0000000e+000  1.4900000e+002  2.0000000e+000  1.0100000e+002  5.3800000e+002  5.7500000e+002
  7.0000000e+000  1.4900000e+002  3.0000000e+000  1.0100000e+002  3.6000000e+002  4.1200000e+002
  7.0000000e+000  1.4900000e+002  4.0000000e+000  1.0100000e+002  4.4700000e+002  4.8900000e+002
  7.0000000e+000  1.4900000e+002  5.0000000e+000  1.0100000e+002  2.7600000e+002  3.1300000e+002
  7.0000000e+000  1.4900000e+002  6.0000000e+000  1.0100000e+002  2.5400000e+002  2.9200000e+002
  7.0000000e+000  1.4900000e+002  7.0000000e+000  1.0100000e+002  4.2000000e+002  4.5900000e+002
  7.0000000e+000  1.4900000e+002  8.0000000e+000  1.0100000e+002  1.6960000e+003  1.7380000e+003
  7.0000000e+000  1.4900000e+002  9.0000000e+000  1.0100000e+002  1.7100000e+002  2.0600000e+002
  7.0000000e+000  1.4900000e+002  1.0000000e+001  1.0100000e+002  4.2100000e+002  4.5800000e+002
  7.0000000e+000  1.4900000e+002  1.1000000e+001  1.0100000e+002  2.4500000e+002  2.8900000e+002
  7.0000000e+000  1.4900000e+002  1.2000000e+001  1.0100000e+002  5.4200000e+002  5.8000000e+002
  7.0000000e+000  1.4900000e+002  1.3000000e+001  1.0100000e+002  2.7400000e+002  3.2200000e+002
  7.0000000e+000  1.4900000e+002  1.4000000e+001  1.0100000e+002  2.6800000e+002  3.0200000e+002
  7.0000000e+000  1.4900000e+002  1.5000000e+001  1.0100000e+002  4.7600000e+002  5.0700000e+002
  7.0000000e+000  1.4900000e+002  1.6000000e+001  1.0100000e+002  1.9700000e+002  2.2900000e+002
  7.0000000e+000  1.4900000e+002  1.7000000e+001  1.0100000e+002  3.3400000e+002  3.6600000e+002
  7.0000000e+000  1.4900000e+002  1.8000000e+001  1.0100000e+002  1.2570000e+003  1.2940000e+003
  7.0000000e+000  1.4900000e+002  1.9000000e+001  1.0100000e+002  1.3150000e+003  1.3660000e+003
  7.0000000e+000  1.4900000e+002  2.0000000e+001  1.0100000e+002  1.9200000e+002  2.2300000e+002
  7.0000000e+000  1.5000000e+002  1.0000000e+000  1.0100000e+002  5.7600000e+002  6.1400000e+002
  7.0000000e+000  1.5000000e+002  2.0000000e+000  1.0100000e+002  3.2800000e+002  3.6400000e+002
  7.0000000e+000  1.5000000e+002  3.0000000e+000  1.0100000e+002  4.3900000e+002  4.6200000e+002
  7.0000000e+000  1.5000000e+002  4.0000000e+000  1.0100000e+002  7.2600000e+002  7.6300000e+002
  7.0000000e+000  1.5000000e+002  5.0000000e+000  1.0100000e+002  6.1300000e+002  6.4500000e+002
  7.0000000e+000  1.5000000e+002  6.0000000e+000  1.0100000e+002  1.2360000e+003  1.2730000e+003
  7.0000000e+000  1.5000000e+002  7.0000000e+000  1.0100000e+002  1.1170000e+003  1.1480000e+003
  7.0000000e+000  1.5000000e+002  8.0000000e+000  1.0100000e+002  5.8800000e+002  6.3200000e+002
  7.0000000e+000  1.5000000e+002  9.0000000e+000  1.0100000e+002  1.3470000e+003  1.3840000e+003
  7.0000000e+000  1.5000000e+002  1.0000000e+001  1.0100000e+002  4.5600000e+002  4.8800000e+002
  7.0000000e+000  1.5000000e+002  1.1000000e+001  1.0100000e+002  2.2900000e+002  2.6500000e+002
  7.0000000e+000  1.5000000e+002  1.2000000e+001  1.0100000e+002  2.1200000e+002  2.5200000e+002
  7.0000000e+000  1.5000000e+002  1.3000000e+001  1.0100000e+002  3.7900000e+002  4.1800000e+002
  7.0000000e+000  1.5000000e+002  1.4000000e+001  1.0100000e+002  1.1690000e+003  1.1980000e+003
  7.0000000e+000  1.5000000e+002  1.5000000e+001  1.0100000e+002  6.0700000e+002  6.4500000e+002
  7.0000000e+000  1.5000000e+002  1.6000000e+001  1.0100000e+002  1.8500000e+002  2.1500000e+002
  7.0000000e+000  1.5000000e+002  1.7000000e+001  1.0100000e+002  4.3000000e+002  4.6300000e+002
  7.0000000e+000  1.5000000e+002  1.8000000e+001  1.0100000e+002  8.2900000e+002  8.7400000e+002
  7.0000000e+000  1.5000000e+002  1.9000000e+001  1.0100000e+002  1.9700000e+002  2.2900000e+002
  7.0000000e+000  1.5000000e+002  2.0000000e+001  1.0100000e+002  2.6200000e+002  3.0300000e+002
  7.0000000e+000  1.5100000e+002  1.0000000e+000  1.0200000e+002  1.8500000e+002  2.2200000e+002
  7.0000000e+000  1.5100000e+002  2.0000000e+000  1.0200000e+002  8.3500000e+002  8.6800000e+002
  7.0000000e+000  1.5100000e+002  3.0000000e+000  1.0200000e+002  2.7500000e+002  3.2000000e+002
  7.0000000e+000  1.5100000e+002  4.0000000e+000  1.0200000e+002  3.0500000e+002  3.4000000e+002
  7.0000000e+000  1.5100000e+002  5.0000000e+000  1.0200000e+002  7.0600000e+002  7.4400000e+002
  7.0000000e+000  1.5100000e+002  6.0000000e+000  1.0200000e+002  7.3000000e+002  7.7300000e+002
  7.0000000e+000  1.5100000e+002  7.0000000e+000  1.0200000e+002  3.8700000e+002  4.3200000e+002
  7.0000000e+000  1.5100000e+002  8.0000000e+000  1.0200000e+002  5.2900000e+002  5.6600000e+002
  7.0000000e+000  1.5100000e+002  9.0000000e+000  1.0200000e+002  3.3400000e+002  3.6800000e+002
  7.0000000e+000  1.5100000e+002  1.0000000e+001  1.0200000e+002  3.1500000e+002  3.4800000e+002
  7.0000000e+000  1.5100000e+002  1.1000000e+001  1.0200000e+002  6.9300000e+002  7.2800000e+002
  7.0000000e+000  1.5100000e+002  1.2000000e+001  1.0200000e+002  8.6800000e+002  9.0500000e+002
  7.0000000e+000  1.5100000e+002  1.3000000e+001  1.0200000e+002  1.1200000e+002  1.3300000e+002
  7.0000000e+000  1.5100000e+002  1.4000000e+001  1.0200000e+002  7.8700000e+002  8.2800000e+002
  7.0000000e+000  1.5100000e+002  1.5000000e+001  1.0200000e+002  1.4300000e+002  1.7800000e+002
  7.0000000e+000  1.5100000e+002  1.6000000e+001  1.0200000e+002  6.7700000e+002  7.0900000e+002
  7.0000000e+000  1.5100000e+002  1.7000000e+001  1.0200000e+002  7.6300000e+002  7.9800000e+002
  7.0000000e+000  1.5100000e+002  1.8000000e+001  1.0200000e+002  4.4600000e+002  4.7600000e+002
  7.0000000e+000  1.5100000e+002  1.9000000e+001  1.0200000e+002  2.5700000e+002  2.8900000e+002
  7.0000000e+000  1.5100000e+002  2.0000000e+001  1.0200000e+002  9.8500000e+002  1.0200000e+003
  1.5000000e+001  1.4200000e+002  1.0000000e+000  1.0200000e+002  3.4800000e+002  3.8700000e+002
  1.5000000e+001  1.4200000e+002  2.0000000e+000  1.0200000e+002  1.2690000e+003  1.3190000e+003
  1.5000000e+001  1.4200000e+002  3.0000000e+000  1.0200000e+002  4.2000000e+002  4.5500000e+002
  1.5000000e+001  1.4200000e+002  4.0000000e+000  1.0200000e+002  1.8500000e+002  2.1300000e+002
  1.5000000e+001  1.4200000e+002  5.0000000e+000  1.0200000e+002  4.6700000e+002  4.9500000e+002
  1.5000000e+001  1.4200000e+002  6.0000000e+000  1.0200000e+002  3.0100000e+002  3.3300000e+002
  1.5000000e+001  1.4200000e+002  7.0000000e+000  1.0200000e+002  1.4150000e+003  1.4420000e+003
  1.5000000e+001  1.4200000e+002  8.0000000e+000  1.0200000e+002  5.9700000e+002  6.3900000e+002
  1.5000000e+001  1.4200000e+002  9.0000000e+000  1.0200000e+002  3.6200000e+002  3.9800000e+002
  1.5000000e+001  1.4200000e+002  1.0000000e+001  1.0200000e+002  1.7000000e+002  2.0700000e+002
  1.5000000e+001  1.4200000e+002  1.1000000e+001  1.0200000e+002  3.6100000e+002  4.0000000e+002
  1.5000000e+001  1.4200000e+002  1.2000000e+001  1.0200000e+002  1.7800000e+002  2.1400000e+002
  1.5000000e+001  1.4200000e+002  1.3000000e+001  1.0200000e+002  4.1100000e+002  4.3800000e+002
  1.5000000e+001  1.4200000e+002  1.4000000e+001  1.0200000e+002  4.2100000e+002  4.5900000e+002
  1.5000000e+001  1.4200000e+002  1.5000000e+001  1.0200000e+002  3.6800000e+002  4.1100000e+002
  1.5000000e+001  1.4200000e+002  1.6000000e+001  1.0200000e+002  5.3300000e+002  5.7200000e+002
  1.5000000e+001  1.4200000e+002  1.7000000e+001  1.0200000e+002  3.1800000e+002  3.5500000e+002
  1.5000000e+001  1.4200000e+002  1.8000000e+001  1.0200000e+002  4.0300000e+002  4.5600000e+002
  1.5000000e+001  1.4200000e+002  1.9000000e+001  1.0200000e+002  1.0520000e+003  1.0930000e+003
  1.5000000e+001  1.4200000e+002  2.0000000e+001  1.0200000e+002  1.4500000e+002  1.8600000e+002
  1.5000000e+001  1.4300000e+002  1.0000000e+000  1.0500000e+002  6.1900000e+002  6.5800000e+002
  1.5000000e+001  1.4300000e+002  2.0000000e+000  1.0500000e+002  2.7400000e+002  3.0500000e+002
  1.5000000e+001  1.4300000e+002  3.0000000e+000  1.0500000e+002  9.0700000e+002  9.5300000e+002
  1.5000000e+001  1.4300000e+002  4.0000000e+000  1.0500000e+002  1.7400000e+002  2.1800000e+002
  1.5000000e+001  1.4300000e+002  5.0000000e+000  1.0500000e+002  3.3600000e+002  3.7700000e+002
  1.5000000e+001  1.4300000e+002  6.0000000e+000  1.0500000e+002  1.1790000e+003  1.2060000e+003
  1.5000000e+001  1.4300000e+002  7.0000000e+000  1.0500000e+002  4.8100000e+002  5.2300000e+002
  1.5000000e+001  1.4300000e+002  8.0000000e+000  1.0500000e+002  1.6600000e+002  2.1100000e+002
  1.5000000e+001  1.4300000e+002  9.0000000e+000  1.0500000e+002  4.6600000e+002  5.0800000e+002
  1.5000000e+001  1.4300000e+002  1.0000000e+001  1.0500000e+002  3.9800000e+002  4.3200000e+002
  1.5000000e+001  1.4300000e+002  1.1000000e+001  1.0500000e+002  1.1680000e+003  1.2210000e+003
  1.5000000e+001  1.4300000e+002  1.2000000e+001  1.0500000e+002  6.0200000e+002  6.3700000e+002
  1.5000000e+001  1.4300000e+002  1.3000000e+001  1.0500000e+002  6.1900000e+002  6.5000000e+002
  1.5000000e+001  1.4300000e+002  1.4000000e+001  1.0500000e+002  4.1300000e+002  4.5400000e+002
  1.5000000e+001  1.4300000e+002  1.5000000e+001  1.0500000e+002  4.3200000e+002  4.6800000e+002
  1.5000000e+001  1.4300000e+002  1.6000000e+001  1.0500000e+002  4.0700000e+002  4.4900000e+002
  1.5000000e+001  1.4300000e+002  1.7000000e+001  1.0500000e+002  5.4100000e+002  5.7900000e+002
  1.5000000e+001  1.4300000e+002  1.8000000e+001  1.0500000e+002  7.3500000e+002  7.7100000e+002
  1.5000000e+001  1.4300000e+002  1.9000000e+001  1.0500000e+002  4.1900000e+002  4.6100000e+002
  1.5000000e+001  1.4300000e+002  2.0000000e+001  1.0500000e+002  6.3400000e+002  6.7800000e+002
  1.5000000e+001  1.4400000e+002  1.0000000e+000  1.3600000e+002  1.2900000e+002  1.3700000e+002
  1.5000000e+001  1.4400000e+002  2.0000000e+000  1.3600000e+002  1.9000000e+002  2.2700000e+002
  1.5000000e+001  1.4400000e+002  3.0000000e+000  1.3600000e+002  2.7200000e+002  3.1400000e+002
  1.5000000e+001  1.4400000e+002  4.0000000e+000  1.3600000e+002  1.1400000e+002  1.2400000e+002
  1.5000000e+001  1.4400000e+002  5.0000000e+000  1.3600000e+002  4.3300000e+002  4.6400000e+002
  1.5000000e+001  1.4400000e+002  6.0000000e+000  1.3600000e+002  1.2200000e+002  1.3000000e+002
  1.5000000e+001  1.4400000e+002  7.0000000e+000  1.3600000e+002  3.7200000e+002  4.1000000e+002
  1.5000000e+001  1.4400000e+002  8.0000000e+000  1.3600000e+002  1.2800000e+002  1.3500000e+002
  1.5000000e+001  1.4400000e+002  9.0000000e+000  1.3600000e+002  1.2700000e+002  1.3400000e+002
  1.5000000e+001  1.4400000e+002  1.0000000e+001  1.3600000e+002  1.8700000e+002  2.2000000e+002
  1.5000000e+001  1.4400000e+002  1.1000000e+001  1.3600000e+002  1.3600000e+002  1.5400000e+002
  1.5000000e+001  1.4400000e+002  1.2000000e+001  1.3600000e+002  2.6600000e+002  3.0300000e+002
  1.5000000e+001  1.4400000e+002  1.3000000e+001  1.3600000e+002  1.3000000e+002  1.3500000e+002
  1.5000000e+001  1.4400000e+002  1.4000000e+001  1.3600000e+002  4.8200000e+002  5.1100000e+002
  1.5000000e+001  1.4400000e+002  1.5000000e+001  1.3600000e+002  2.1400000e+002  2.4700000e+002
  1.5000000e+001  1.4400000e+002  1.6000000e+001  1.3600000e+002  1.3300000e+002  1.4300000e+002
  1.5000000e+001  1.4400000e+002  1.7000000e+001  1.3600000e+002  3.2000000e+002  3.6400000e+002
  1.5000000e+001  1.4400000e+002  1.8000000e+001  1.3600000e+002  2.8800000e+002  3.2400000e+002
  1.5000000e+001  1.4400000e+002  1.9000000e+001  1.3600000e+002  1.4560000e+003  1.5090000e+003
  1.5000000e+001  1.4400000e+002  2.0000000e+001  1.3600000e+002  1.3400000e+002  1.3800000e+002
  1.5000000e+001  1.4500000e+002  1.0000000e+000  1.1900000e+002  1.7900000e+002  1.8700000e+002
  1.5000000e+001  1.4500000e+002  2.0000000e+000  1.1900000e+002  2.0200000e+002  2.1000000e+002
  1.5000000e+001  1.4500000e+002  3.0000000e+000  1.1900000e+002  2.9800000e+002  3.3300000e+002
  1.5000000e+001  1.4500000e+002  4.0000000e+000  1.1900000e+002  1.7900000e+002  1.8700000e+002
  1.5000000e+001  1.4500000e+002  5.0000000e+000  1.1900000e+002  3.1800000e+002  3.4800000e+002
  1.5000000e+001  1.4500000e+002  6.0000000e+000  1.1900000e+002  1.1800000e+002  1.4400000e+002
  1.5000000e+001  1.4500000e+002  7.0000000e+000  1.1900000e+002  3.2200000e+002  3.5700000e+002
  1.5000000e+001  1.4500000e+002  8.0000000e+000  1.1900000e+002  1.5700000e+002  1.6800000e+002
  1.5000000e+001  1.4500000e+002  9.0000000e+000  1.1900000e+002  1.8900000e+002  1.9500000e+002
  1.5000000e+001  1.4500000e+002  1.0000000e+001  1.1900000e+002  2.0200000e+002  2.0900000e+002
  1.5000000e+001  1.4500000e+002  1.1000000e+001  1.1900000e+002  2.0900000e+002  2.1400000e+002
  1.5000000e+001  1.4500000e+002  1.2000000e+001  1.1900000e+002  1.2200000e+002  1.4800000e+002
  1.5000000e+001  1.4500000e+002  1.3000000e+001  1.1900000e+002  2.0900000e+002  2.1300000e+002
  1.5000000e+001  1.4500000e+002  1.4000000e+001  1.1900000e+002  3.3800000e+002  3.8600000e+002
  1.5000000e+001  1.4500000e+002  1.5000000e+001  1.1900000e+002  9.4500000e+002  9.7700000e+002
  1.5000000e+001  1.4500000e+002  1.6000000e+001  1.1900000e+002  1.9400000e+002  2.0000000e+002
  1.5000000e+001  1.4500000e+002  1.7000000e+001  1.1900000e+002  1.9300000e+002  2.0000000e+002
  1.5000000e+001  1.4500000e+002  1.8000000e+001  1.1900000e+002  1.0500000e+002  1.1400000e+002
  1.5000000e+001  1.4500000e+002  1.9000000e+001  1.1900000e+002  1.6400000e+002  1.7400000e+002
  1.5000000e+001  1.4500000e+002  2.0000000e+001  1.1900000e+002  2.1200000e+002  2.3800000e+002
  1.5000000e+001  1.4600000e+002  1.0000000e+000  1.1000000e+002  3.3400000e+002  3.6600000e+002
  1.5000000e+001  1.4600000e+002  2.0000000e+000  1.1000000e+002  3.4500000e+002  3.8200000e+002
  1.5000000e+001  1.4600000e+002  3.0000000e+000  1.1000000e+002  1.1900000e+002  1.4700000e+002
  1.5000000e+001  1.4600000e+002  4.0000000e+000  1.1000000e+002  1.0800000e+002  1.2400000e+002
  1.5000000e+001  1.4600000e+002  5.0000000e+000  1.1000000e+002  1.9300000e+002  2.3500000e+002
  1.5000000e+001  1.4600000e+002  6.0000000e+000  1.1000000e+002  3.5400000e+002  3.8400000e+002
  1.5000000e+001  1.4600000e+002  7.0000000e+000  1.1000000e+002  1.3100000e+002  1.6200000e+002
  1.5000000e+001  1.4600000e+002  8.0000000e+000  1.1000000e+002  3.1800000e+002  3.6600000e+002
  1.5000000e+001  1.4600000e+002  9.0000000e+000  1.1000000e+002  1.3800000e+002  1.7100000e+002
  1.5000000e+001  1.4600000e+002  1.0000000e+001  1.1000000e+002  4.2100000e+002  4.5600000e+002
  1.5000000e+001  1.4600000e+002  1.1000000e+001  1.1000000e+002  2.5500000e+002  2.8500000e+002
  1.5000000e+001  1.4600000e+002  1.2000000e+001  1.1000000e+002  1.6700000e+002  1.9800000e+002
  1.5000000e+001  1.4600000e+002  1.3000000e+001  1.1000000e+002  1.3390000e+003  1.3700000e+003
  1.5000000e+001  1.4600000e+002  1.4000000e+001  1.1000000e+002  2.4400000e+002  2.7900000e+002
  1.5000000e+001  1.4600000e+002  1.5000000e+001  1.1000000e+002  1.6800000e+002  2.1600000e+002
  1.5000000e+001  1.4600000e+002  1.6000000e+001  1.1000000e+002  7.7000000e+002  7.9600000e+002
  1.5000000e+001  1.4600000e+002  1.7000000e+001  1.1000000e+002  3.2700000e+002  3.7200000e+002
  1.5000000e+001  1.4600000e+002  1.8000000e+001  1.1000000e+002  1.4300000e+002  1.8300000e+002
  1.5000000e+001  1.4600000e+002  1.9000000e+001  1.1000000e+002  6.5600000e+002  6.8900000e+002
  1.5000000e+001  1.4600000e+002  2.0000000e+001  1.1000000e+002  1.8900000e+002  2.3300000e+002
  1.5000000e+001  1.4700000e+002  1.0000000e+000  1.1500000e+002  1.6000000e+002  1.9700000e+002
  1.5000000e+001  1.4700000e+002  2.0000000e+000  1.1500000e+002  2.6400000e+002  3.0200000e+002
  1.5000000e+001  1.4700000e+002  3.0000000e+000  1.1500000e+002  2.2500000e+002  2.5900000e+002
  1.5000000e+001  1.4700000e+002  4.0000000e+000  1.1500000e+002  6.5700000e+002  6.9400000e+002
  1.5000000e+001  1.4700000e+002  5.0000000e+000  1.1500000e+002  3.7200000e+002  4.0600000e+002
  1.5000000e+001  1.4700000e+002  6.0000000e+000  1.1500000e+002  4.0300000e+002  4.3800000e+002
  1.5000000e+001  1.4700000e+002  7.0000000e+000  1.1500000e+002  3.4500000e+002  3.8300000e+002
  1.5000000e+001  1.4700000e+002  8.0000000e+000  1.1500000e+002  3.7700000e+002  4.1100000e+002
  1.5000000e+001  1.4700000e+002  9.0000000e+000  1.1500000e+002  7.1500000e+002  7.4600000e+002
  1.5000000e+001  1.4700000e+002  1.0000000e+001  1.1500000e+002  3.7900000e+002  4.1900000e+002
  1.5000000e+001  1.4700000e+002  1.1000000e+001  1.1500000e+002  1.1500000e+002  1.4300000e+002
  1.5000000e+001  1.4700000e+002  1.2000000e+001  1.1500000e+002  3.7600000e+002  4.1200000e+002
  1.5000000e+001  1.4700000e+002  1.3000000e+001  1.1500000e+002  2.7800000e+002  3.1400000e+002
  1.5000000e+001  1.4700000e+002  1.4000000e+001  1.1500000e+002  1.0600000e+002  1.1500000e+002
  1.5000000e+001  1.4700000e+002  1.5000000e+001  1.1500000e+002  1.2400000e+002  1.4800000e+002
  1.5000000e+001  1.4700000e+002  1.6000000e+001  1.1500000e+002  3.7600000e+002  4.1100000e+002
  1.5000000e+001  1.4700000e+002  1.7000000e+001  1.1500000e+002  5.3400000e+002  5.6900000e+002
  1.5000000e+001  1.4700000e+002  1.8000000e+001  1.1500000e+002  2.0870000e+003  2.1250000e+003
  1.5000000e+001  1.4700000e+002  1.9000000e+001  1.1500000e+002  2.3700000e+002  2.8500000e+002
  1.5000000e+001  1.4700000e+002  2.0000000e+001  1.1500000e+002  3.4000000e+002  3.7900000e+002
  1.5000000e+001  1.4800000e+002  1.0000000e+000  1.0800000e+002  4.9200000e+002  5.3300000e+002
  1.5000000e+001  1.4800000e+002  2.0000000e+000  1.0800000e+002  4.4500000e+002  4.7600000e+002
  1.5000000e+001  1.4800000e+002  3.0000000e+000  1.0800000e+002  1.9600000e+002  2.0800000e+002
  1.5000000e+001  1.4800000e+002  4.0000000e+000  1.0800000e+002  4.4600000e+002  4.7200000e+002
  1.5000000e+001  1.4800000e+002  5.0000000e+000  1.0800000e+002  3.4400000e+002  3.8200000e+002
  1.5000000e+001  1.4800000e+002  6.0000000e+000  1.0800000e+002  1.0900000e+002  1.3500000e+002
  1.5000000e+001  1.4800000e+002  7.0000000e+000  1.0800000e+002  4.4400000e+002  4.8100000e+002
  1.5000000e+001  1.4800000e+002  8.0000000e+000  1.0800000e+002  4.1700000e+002  4.6000000e+002
  1.5000000e+001  1.4800000e+002  9.0000000e+000  1.0800000e+002  2.7400000e+002  3.1200000e+002
  1.5000000e+001  1.4800000e+002  1.0000000e+001  1.0800000e+002  1.0550000e+003  1.0980000e+003
  1.5000000e+001  1.4800000e+002  1.1000000e+001  1.0800000e+002  2.5900000e+002  2.9800000e+002
  1.5000000e+001  1.4800000e+002  1.2000000e+001  1.0800000e+002  3.1700000e+002  3.5300000e+002
  1.5000000e+001  1.4800000e+002  1.3000000e+001  1.0800000e+002  6.3000000e+002  6.6000000e+002
  1.5000000e+001  1.4800000e+002  1.4000000e+001  1.0800000e+002  1.1200000e+002  1.3800000e+002
  1.5000000e+001  1.4800000e+002  1.5000000e+001  1.0800000e+002  2.2100000e+002  2.6000000e+002
  1.5000000e+001  1.4800000e+002  1.6000000e+001  1.0800000e+002  4.2500000e+002  4.5900000e+002
  1.5000000e+001  1.4800000e+002  1.7000000e+001  1.0800000e+002  3.3300000e+002  3.6700000e+002
  1.5000000e+001  1.4800000e+002  1.8000000e+001  1.0800000e+002  4.5900000e+002  5.0100000e+002
  1.5000000e+001  1.4800000e+002  1.9000000e+001  1.0800000e+002  2.0800000e+002  2.2600000e+002
  1.5000000e+001  1.4800000e+002  2.0000000e+001  1.0800000e+002  3.5100000e+002  3.9000000e+002
  1.5000000e+001  1.4900000e+002  1.0000000e+000  1.0200000e+002  1.1870000e+003  1.2340000e+003
  1.5000000e+001  1.4900000e+002  2.0000000e+000  1.0200000e+002  1.0220000e+003  1.0640000e+003
  1.5000000e+001  1.4900000e+002  3.0000000e+000  1.0200000e+002  3.5800000e+002  3.8800000e+002
  1.5000000e+001  1.4900000e+002  4.0000000e+000  1.0200000e+002  7.5100000e+002  7.8900000e+002
  1.5000000e+001  1.4900000e+002  5.0000000e+000  1.0200000e+002  5.9400000e+002  6.4000000e+002
  1.5000000e+001  1.4900000e+002  6.0000000e+000  1.0200000e+002  8.6600000e+002  8.9900000e+002
  1.5000000e+001  1.4900000e+002  7.0000000e+000  1.0200000e+002  3.0700000e+002  3.3600000e+002
  1.5000000e+001  1.4900000e+002  8.0000000e+000  1.0200000e+002  8.0300000e+002  8.3500000e+002
  1.5000000e+001  1.4900000e+002  9.0000000e+000  1.0200000e+002  1.7570000e+003  1.7960000e+003
  1.5000000e+001  1.4900000e+002  1.0000000e+001  1.0200000e+002  4.8900000e+002  5.3700000e+002
  1.5000000e+001  1.4900000e+002  1.1000000e+001  1.0200000e+002  4.7900000e+002  5.1500000e+002
  1.5000000e+001  1.4900000e+002  1.2000000e+001  1.0200000e+002  3.0700000e+002  3.4600000e+002
  1.5000000e+001  1.4900000e+002  1.3000000e+001  1.0200000e+002  9.3000000e+002  9.6800000e+002
  1.5000000e+001  1.4900000e+002  1.4000000e+001  1.0200000e+002  7.2700000e+002  7.6700000e+002
  1.5000000e+001  1.4900000e+002  1.5000000e+001  1.0200000e+002  1.1350000e+003  1.1600000e+003
  1.5000000e+001  1.4900000e+002  1.6000000e+001  1.0200000e+002  2.6590000e+003  2.6960000e+003
  1.5000000e+001  1.4900000e+002  1.7000000e+001  1.0200000e+002  1.1720000e+003  1.2080000e+003
  1.5000000e+001  1.4900000e+002  1.8000000e+001  1.0200000e+002  8.9000000e+002  9.3100000e+002
  1.5000000e+001  1.4900000e+002  1.9000000e+001  1.0200000e+002  5.5800000e+002  5.9700000e+002
  1.5000000e+001  1.4900000e+002  2.0000000e+001  1.0200000e+002  1.0700000e+003  1.1030000e+003
  1.5000000e+001  1.5000000e+002  1.0000000e+000  1.0100000e+002  4.7000000e+002  5.1100000e+002
  1.5000000e+001  1.5000000e+002  2.0000000e+000  1.0100000e+002  7.7300000e+002  8.1200000e+002
  1.5000000e+001  1.5000000e+002  3.0000000e+000  1.0100000e+002  1.2500000e+002  1.5400000e+002
  1.5000000e+001  1.5000000e+002  4.0000000e+000  1.0100000e+002  5.4200000e+002  5.8700000e+002
  1.5000000e+001  1.5000000e+002  5.0000000e+000  1.0100000e+002  2.5600000e+002  2.9400000e+002
  1.5000000e+001  1.5000000e+002  6.0000000e+000  1.0100000e+002  3.9400000e+002  4.2600000e+002
  1.5000000e+001  1.5000000e+002  7.0000000e+000  1.0100000e+002  1.9700000e+002  2.3100000e+002
  1.5000000e+001  1.5000000e+002  8.0000000e+000  1.0100000e+002  4.2200000e+002  4.4700000e+002
  1.5000000e+001  1.5000000e+002  9.0000000e+000  1.0100000e+002  2.8200000e+002  3.1300000e+002
  1.5000000e+001  1.5000000e+002  1.0000000e+001  1.0100000e+002  3.2000000e+002  3.6000000e+002
  1.5000000e+001  1.5000000e+002  1.1000000e+001  1.0100000e+002  3.6500000e+002  3.9700000e+002
  1.5000000e+001  1.5000000e+002  1.2000000e+001  1.0100000e+002  2.9300000e+002  3.2700000e+002
  1.5000000e+001  1.5000000e+002  1.3000000e+001  1.0100000e+002  5.0900000e+002  5.3900000e+002
  1.5000000e+001  1.5000000e+002  1.4000000e+001  1.0100000e+002  2.8800000e+002  3.2600000e+002
  1.5000000e+001  1.5000000e+002  1.5000000e+001  1.0100000e+002  2.1340000e+003  2.1820000e+003
  1.5000000e+001  1.5000000e+002  1.6000000e+001  1.0100000e+002  2.5000000e+002  2.9000000e+002
  1.5000000e+001  1.5000000e+002  1.7000000e+001  1.0100000e+002  1.2400000e+002  1.5700000e+002
  1.5000000e+001  1.5000000e+002  1.8000000e+001  1.0100000e+002  2.0800000e+002  2.5700000e+002
  1.5000000e+001  1.5000000e+002  1.9000000e+001  1.0100000e+002  2.2790000e+003  2.3250000e+003
  1.5000000e+001  1.5000000e+002  2.0000000e+001  1.0100000e+002  3.7100000e+002  3.9900000e+002
  1.5000000e+001  1.5100000e+002  1.0000000e+000  1.0400000e+002  3.3700000e+002  3.7700000e+002
  1.5000000e+001  1.5100000e+002  2.0000000e+000  1.0400000e+002  1.1860000e+003  1.2260000e+003
  1.5000000e+001  1.5100000e+002  3.0000000e+000  1.0400000e+002  1.6100000e+002  2.0000000e+002
  1.5000000e+001  1.5100000e+002  4.0000000e+000  1.0400000e+002  1.3100000e+002  1.5200000e+002
  1.5000000e+001  1.5100000e+002  5.0000000e+000  1.0400000e+002  3.6000000e+002  3.9200000e+002
  1.5000000e+001  1.5100000e+002  6.0000000e+000  1.0400000e+002  3.8900000e+002  4.2500000e+002
  1.5000000e+001  1.5100000e+002  7.0000000e+000  1.0400000e+002  2.0790000e+003  2.1160000e+003
  1.5000000e+001  1.5100000e+002  8.0000000e+000  1.0400000e+002  1.5770000e+003  1.6230000e+003
  1.5000000e+001  1.5100000e+002  9.0000000e+000  1.0400000e+002  7.1500000e+002  7.5300000e+002
  1.5000000e+001  1.5100000e+002  1.0000000e+001  1.0400000e+002  1.0070000e+003  1.0400000e+003
  1.5000000e+001  1.5100000e+002  1.1000000e+001  1.0400000e+002  1.4800000e+002  1.7500000e+002
  1.5000000e+001  1.5100000e+002  1.2000000e+001  1.0400000e+002  1.8500000e+002  2.2200000e+002
  1.5000000e+001  1.5100000e+002  1.3000000e+001  1.0400000e+002  4.1900000e+002  4.5700000e+002
  1.5000000e+001  1.5100000e+002  1.4000000e+001  1.0400000e+002  6.6100000e+002  6.9200000e+002
  1.5000000e+001  1.5100000e+002  1.5000000e+001  1.0400000e+002  1.3400000e+002  1.5900000e+002
  1.5000000e+001  1.5100000e+002  1.6000000e+001  1.0400000e+002  1.1600000e+002  1.3400000e+002
  1.5000000e+001  1.5100000e+002  1.7000000e+001  1.0400000e+002  1.3300000e+002  1.6800000e+002
  1.5000000e+001  1.5100000e+002  1.8000000e+001  1.0400000e+002  5.2100000e+002  5.5200000e+002
  1.5000000e+001  1.5100000e+002  1.9000000e+001  1.0400000e+002  3.5800000e+002  3.8500000e+002
  1.5000000e+001  1.5100000e+002  2.0000000e+001  1.0400000e+002  1.2400000e+002  1.4500000e+002
  3.0000000e+001  1.4200000e+002  1.0000000e+000  1.0300000e+002  5.6900000e+002  6.0400000e+002
  3.0000000e+001  1.4200000e+002  2.0000000e+000  1.0300000e+002  2.2990000e+003  2.3320000e+003
  3.0000000e+001  1.4200000e+002  3.0000000e+000  1.0300000e+002  1.7800000e+002  2.1500000e+002
  3.0000000e+001  1.4200000e+002  4.0000000e+000  1.0300000e+002  1.0630000e+003  1.1040000e+003
  3.0000000e+001  1.4200000e+002  5.0000000e+000  1.0300000e+002  1.9100000e+002  2.2500000e+002
  3.0000000e+001  1.4200000e+002  6.0000000e+000  1.0300000e+002  1.7100000e+002  2.0700000e+002
  3.0000000e+001  1.4200000e+002  7.0000000e+000  1.0300000e+002  1.9600000e+002  2.3600000e+002
  3.0000000e+001  1.4200000e+002  8.0000000e+000  1.0300000e+002  8.6600000e+002  9.0700000e+002
  3.0000000e+001  1.4200000e+002  9.0000000e+000  1.0300000e+002  1.3100000e+002  1.5600000e+002
  3.0000000e+001  1.4200000e+002  1.0000000e+001  1.0300000e+002  5.4200000e+002  5.7500000e+002
  3.0000000e+001  1.4200000e+002  1.1000000e+001  1.0300000e+002  5.0100000e+002  5.3600000e+002
  3.0000000e+001  1.4200000e+002  1.2000000e+001  1.0300000e+002  1.3720000e+003  1.4040000e+003
  3.0000000e+001  1.4200000e+002  1.3000000e+001  1.0300000e+002  8.1600000e+002  8.5700000e+002
  3.0000000e+001  1.4200000e+002  1.4000000e+001  1.0300000e+002  3.1500000e+002  3.4300000e+002
  3.0000000e+001  1.4200000e+002  1.5000000e+001  1.0300000e+002  8.9300000e+002  9.2300000e+002
  3.0000000e+001  1.4200000e+002  1.6000000e+001  1.0300000e+002  7.8600000e+002  8.3100000e+002
  3.0000000e+001  1.4200000e+002  1.7000000e+001  1.0300000e+002  1.8500000e+002  2.2300000e+002
  3.0000000e+001  1.4200000e+002  1.8000000e+001  1.0300000e+002  3.9500000e+002  4.3600000e+002
  3.0000000e+001  1.4200000e+002  1.9000000e+001  1.0300000e+002  3.7900000e+002  4.1100000e+002
  3.0000000e+001  1.4200000e+002  2.0000000e+001  1.0300000e+002  6.2300000e+002  6.6100000e+002
  3.0000000e+001  1.4300000e+002  1.0000000e+000  1.0900000e+002  1.4120000e+003  1.4510000e+003
  3.0000000e+001  1.4300000e+002  2.0000000e+000  1.0900000e+002  1.6500000e+002  1.9200000e+002
  3.0000000e+001  1.4300000e+002  3.0000000e+000  1.0900000e+002  3.3900000e+002  3.7700000e+002
  3.0000000e+001  1.4300000e+002  4.0000000e+000  1.0900000e+002  1.7500000e+002  2.0500000e+002
  3.0000000e+001  1.4300000e+002  5.0000000e+000  1.0900000e+002  1.3800000e+002  1.5900000e+002
  3.0000000e+001  1.4300000e+002  6.0000000e+000  1.0900000e+002  5.7800000e+002  6.0900000e+002
  3.0000000e+001  1.4300000e+002  7.0000000e+000  1.0900000e+002  4.0500000e+002  4.4200000e+002
  3.0000000e+001  1.4300000e+002  8.0000000e+000  1.0900000e+002  8.0600000e+002  8.4200000e+002
  3.0000000e+001  1.4300000e+002  9.0000000e+000  1.0900000e+002  7.8700000e+002  8.2200000e+002
  3.0000000e+001  1.4300000e+002  1.0000000e+001  1.0900000e+002  1.6600000e+002  1.9100000e+002
  3.0000000e+001  1.4300000e+002  1.1000000e+001  1.0900000e+002  3.3800000e+002  3.7600000e+002
  3.0000000e+001  1.4300000e+002  1.2000000e+001  1.0900000e+002  1.8700000e+002  2.1200000e+002
  3.0000000e+001  1.4300000e+002  1.3000000e+001  1.0900000e+002  1.8800000e+002  2.1100000e+002
  3.0000000e+001  1.4300000e+002  1.4000000e+001  1.0900000e+002  4.7900000e+002  5.1200000e+002
  3.0000000e+001  1.4300000e+002  1.5000000e+001  1.0900000e+002  2.0900000e+002  2.3900000e+002
  3.0000000e+001  1.4300000e+002  1.6000000e+001  1.0900000e+002  5.1800000e+002  5.6100000e+002
  3.0000000e+001  1.4300000e+002  1.7000000e+001  1.0900000e+002  1.2270000e+003  1.2640000e+003
  3.0000000e+001  1.4300000e+002  1.8000000e+001  1.0900000e+002  1.3000000e+002  1.4200000e+002
  3.0000000e+001  1.4300000e+002  1.9000000e+001  1.0900000e+002  1.3700000e+002  1.4500000e+002
  3.0000000e+001  1.4300000e+002  2.0000000e+001  1.0900000e+002  3.8000000e+002  4.1500000e+002
  3.0000000e+001  1.4400000e+002  1.0000000e+000  1.7100000e+002  2.0200000e+002  2.3400000e+002
  3.0000000e+001  1.4400000e+002  2.0000000e+000  1.7100000e+002  2.0400000e+002  2.3800000e+002
  3.0000000e+001  1.4400000e+002  3.0000000e+000  1.7100000e+002  2.1000000e+002  2.5500000e+002
  3.0000000e+001  1.4400000e+002  4.0000000e+000  1.7100000e+002  1.4700000e+002  1.5300000e+002
  3.0000000e+001  1.4400000e+002  5.0000000e+000  1.7100000e+002  1.1460000e+003  1.1880000e+003
  3.0000000e+001  1.4400000e+002  6.0000000e+000  1.7100000e+002  1.6900000e+002  1.7700000e+002
  3.0000000e+001  1.4400000e+002  7.0000000e+000  1.7100000e+002  1.0500000e+002  1.1400000e+002
  3.0000000e+001  1.4400000e+002  8.0000000e+000  1.7100000e+002  1.6000000e+002  1.6600000e+002
  3.0000000e+001  1.4400000e+002  9.0000000e+000  1.7100000e+002  1.5700000e+002  1.6400000e+002
  3.0000000e+001  1.4400000e+002  1.0000000e+001  1.7100000e+002  1.6700000e+002  1.7400000e+002
  3.0000000e+001  1.4400000e+002  1.1000000e+001  1.7100000e+002  2.5500000e+002  2.9800000e+002
  3.0000000e+001  1.4400000e+002  1.2000000e+001  1.7100000e+002  1.5500000e+002  1.6000000e+002
  3.0000000e+001  1.4400000e+002  1.3000000e+001  1.7100000e+002  1.6400000e+002  1.7200000e+002
  3.0000000e+001  1.4400000e+002  1.4000000e+001  1.7100000e+002  2.3000000e+002  2.7300000e+002
  3.0000000e+001  1.4400000e+002  1.5000000e+001  1.7100000e+002  1.2790000e+003  1.3140000e+003
  3.0000000e+001  1.4400000e+002  1.6000000e+001  1.7100000e+002  3.1100000e+002  3.5300000e+002
  3.0000000e+001  1.4400000e+002  1.7000000e+001  1.7100000e+002  1.6800000e+002  1.7600000e+002
  3.0000000e+001  1.4400000e+002  1.8000000e+001  1.7100000e+002  1.4300000e+002  1.5000000e+002
  3.0000000e+001  1.4400000e+002  1.9000000e+001  1.7100000e+002  1.5600000e+002  1.6300000e+002
  3.0000000e+001  1.4400000e+002  2.0000000e+001  1.7100000e+002  1.7100000e+002  1.8400000e+002
  3.0000000e+001  1.4500000e+002  1.0000000e+000  1.3800000e+002  2.3300000e+002  2.3900000e+002
  3.0000000e+001  1.4500000e+002  2.0000000e+000  1.3800000e+002  2.2200000e+002  2.2900000e+002
  3.0000000e+001  1.4500000e+002  3.0000000e+000  1.3800000e+002  3.0600000e+002  3.1200000e+002
  3.0000000e+001  1.4500000e+002  4.0000000e+000  1.3800000e+002  1.8500000e+002  1.9500000e+002
  3.0000000e+001  1.4500000e+002  5.0000000e+000  1.3800000e+002  1.9900000e+002  2.0600000e+002
  3.0000000e+001  1.4500000e+002  6.0000000e+000  1.3800000e+002  1.9900000e+002  2.1000000e+002
  3.0000000e+001  1.4500000e+002  7.0000000e+000  1.3800000e+002  1.5800000e+002  1.7300000e+002
  3.0000000e+001  1.4500000e+002  8.0000000e+000  1.3800000e+002  2.7500000e+002  2.8100000e+002
  3.0000000e+001  1.4500000e+002  9.0000000e+000  1.3800000e+002  1.2800000e+002  1.3500000e+002
  3.0000000e+001  1.4500000e+002  1.0000000e+001  1.3800000e+002  1.9200000e+002  2.0100000e+002
  3.0000000e+001  1.4500000e+002  1.1000000e+001  1.3800000e+002  2.1700000e+002  2.2300000e+002
  3.0000000e+001  1.4500000e+002  1.2000000e+001  1.3800000e+002  1.7000000e+002  1.8000000e+002
  3.0000000e+001  1.4500000e+002  1.3000000e+001  1.3800000e+002  3.1700000e+002  3.2100000e+002
  3.0000000e+001  1.4500000e+002  1.4000000e+001  1.3800000e+002  2.6400000e+002  2.6900000e+002
  3.0000000e+001  1.4500000e+002  1.5000000e+001  1.3800000e+002  1.0900000e+002  1.1400000e+002
  3.0000000e+001  1.4500000e+002  1.6000000e+001  1.3800000e+002  1.9100000e+002  1.9800000e+002
  3.0000000e+001  1.4500000e+002  1.7000000e+001  1.3800000e+002  2.2500000e+002  2.3300000e+002
  3.0000000e+001  1.4500000e+002  1.8000000e+001  1.3800000e+002  1.3000000e+002  1.3500000e+002
  3.0000000e+001  1.4500000e+002  1.9000000e+001  1.3800000e+002  2.0700000e+002  2.1600000e+002
  3.0000000e+001  1.4500000e+002  2.0000000e+001  1.3800000e+002  1.2700000e+002  1.3500000e+002
  3.0000000e+001  1.4600000e+002  1.0000000e+000  1.2100000e+002  2.4600000e+002  2.7100000e+002
  3.0000000e+001  1.4600000e+002  2.0000000e+000  1.2100000e+002  1.9300000e+002  2.1300000e+002
  3.0000000e+001  1.4600000e+002  3.0000000e+000  1.2100000e+002  2.7500000e+002  3.1700000e+002
  3.0000000e+001  1.4600000e+002  4.0000000e+000  1.2100000e+002  1.3600000e+002  1.5800000e+002
  3.0000000e+001  1.4600000e+002  5.0000000e+000  1.2100000e+002  2.4600000e+002  2.5300000e+002
  3.0000000e+001  1.4600000e+002  6.0000000e+000  1.2100000e+002  3.4300000e+002  3.7500000e+002
  3.0000000e+001  1.4600000e+002  7.0000000e+000  1.2100000e+002  1.6800000e+002  2.0200000e+002
  3.0000000e+001  1.4600000e+002  8.0000000e+000  1.2100000e+002  2.4700000e+002  2.7400000e+002
  3.0000000e+001  1.4600000e+002  9.0000000e+000  1.2100000e+002  2.4800000e+002  2.7400000e+002
  3.0000000e+001  1.4600000e+002  1.0000000e+001  1.2100000e+002  2.5000000e+002  2.8100000e+002
  3.0000000e+001  1.4600000e+002  1.1000000e+001  1.2100000e+002  3.2100000e+002  3.6400000e+002
  3.0000000e+001  1.4600000e+002  1.2000000e+001  1.2100000e+002  1.0700000e+002  1.1400000e+002
  3.0000000e+001  1.4600000e+002  1.3000000e+001  1.2100000e+002  1.9100000e+002  2.0900000e+002
  3.0000000e+001  1.4600000e+002  1.4000000e+001  1.2100000e+002  3.8600000e+002  4.2300000e+002
  3.0000000e+001  1.4600000e+002  1.5000000e+001  1.2100000e+002  1.4500000e+002  1.7200000e+002
  3.0000000e+001  1.4600000e+002  1.6000000e+001  1.2100000e+002  8.6700000e+002  9.0300000e+002
  3.0000000e+001  1.4600000e+002  1.7000000e+001  1.2100000e+002  3.4800000e+002  3.8000000e+002
  3.0000000e+001  1.4600000e+002  1.8000000e+001  1.2100000e+002  3.2000000e+002  3.6600000e+002
  3.0000000e+001  1.4600000e+002  1.9000000e+001  1.2100000e+002  1.1800000e+002  1.3700000e+002
  3.0000000e+001  1.4600000e+002  2.0000000e+001  1.2100000e+002  2.0100000e+002  2.2500000e+002
  3.0000000e+001  1.4700000e+002  1.0000000e+000  1.3000000e+002  1.2400000e+002  1.3200000e+002
  3.0000000e+001  1.4700000e+002  2.0000000e+000  1.3000000e+002  2.1400000e+002  2.2200000e+002
  3.0000000e+001  1.4700000e+002  3.0000000e+000  1.3000000e+002  4.7500000e+002  5.1800000e+002
  3.0000000e+001  1.4700000e+002  4.0000000e+000  1.3000000e+002  2.2400000e+002  2.3200000e+002
  3.0000000e+001  1.4700000e+002  5.0000000e+000  1.3000000e+002  2.1400000e+002  2.2300000e+002
  3.0000000e+001  1.4700000e+002  6.0000000e+000  1.3000000e+002  2.0100000e+002  2.1000000e+002
  3.0000000e+001  1.4700000e+002  7.0000000e+000  1.3000000e+002  2.0100000e+002  2.1200000e+002
  3.0000000e+001  1.4700000e+002  8.0000000e+000  1.3000000e+002  1.1400000e+003  1.1840000e+003
  3.0000000e+001  1.4700000e+002  9.0000000e+000  1.3000000e+002  3.2800000e+002  3.6500000e+002
  3.0000000e+001  1.4700000e+002  1.0000000e+001  1.3000000e+002  5.7400000e+002  6.1300000e+002
  3.0000000e+001  1.4700000e+002  1.1000000e+001  1.3000000e+002  1.4200000e+003  1.4560000e+003
  3.0000000e+001  1.4700000e+002  1.2000000e+001  1.3000000e+002  2.2700000e+002  2.3300000e+002
  3.0000000e+001  1.4700000e+002  1.3000000e+001  1.3000000e+002  3.6600000e+002  3.9800000e+002
  3.0000000e+001  1.4700000e+002  1.4000000e+001  1.3000000e+002  1.1600000e+002  1.2300000e+002
  3.0000000e+001  1.4700000e+002  1.5000000e+001  1.3000000e+002  2.5000000e+002  2.7800000e+002
  3.0000000e+001  1.4700000e+002  1.6000000e+001  1.3000000e+002  1.0500000e+002  1.1300000e+002
  3.0000000e+001  1.4700000e+002  1.7000000e+001  1.3000000e+002  1.1900000e+002  1.2700000e+002
  3.0000000e+001  1.4700000e+002  1.8000000e+001  1.3000000e+002  5.8200000e+002  6.1900000e+002
  3.0000000e+001  1.4700000e+002  1.9000000e+001  1.3000000e+002  1.1400000e+002  1.2200000e+002
  3.0000000e+001  1.4700000e+002  2.0000000e+001  1.3000000e+002  1.2900000e+002  1.3400000e+002
  3.0000000e+001  1.4800000e+002  1.0000000e+000  1.1700000e+002  2.0500000e+002  2.1900000e+002
  3.0000000e+001  1.4800000e+002  2.0000000e+000  1.1700000e+002  1.6000000e+002  1.7200000e+002
  3.0000000e+001  1.4800000e+002  3.0000000e+000  1.1700000e+002  2.7900000e+002  2.8800000e+002
  3.0000000e+001  1.4800000e+002  4.0000000e+000  1.1700000e+002  3.0900000e+002  3.1600000e+002
  3.0000000e+001  1.4800000e+002  5.0000000e+000  1.1700000e+002  2.0000000e+002  2.1400000e+002
  3.0000000e+001  1.4800000e+002  6.0000000e+000  1.1700000e+002  1.1100000e+002  1.1600000e+002
  3.0000000e+001  1.4800000e+002  7.0000000e+000  1.1700000e+002  2.0600000e+002  2.2000000e+002
  3.0000000e+001  1.4800000e+002  8.0000000e+000  1.1700000e+002  1.5800000e+002  1.6700000e+002
  3.0000000e+001  1.4800000e+002  9.0000000e+000  1.1700000e+002  2.0300000e+002  2.1600000e+002
  3.0000000e+001  1.4800000e+002  1.0000000e+001  1.1700000e+002  1.7200000e+002  1.9500000e+002
  3.0000000e+001  1.4800000e+002  1.1000000e+001  1.1700000e+002  2.0000000e+002  2.1100000e+002
  3.0000000e+001  1.4800000e+002  1.2000000e+001  1.1700000e+002  2.6400000e+002  2.8000000e+002
  3.0000000e+001  1.4800000e+002  1.3000000e+001  1.1700000e+002  1.4600000e+002  1.5700000e+002
  3.0000000e+001  1.4800000e+002  1.4000000e+001  1.1700000e+002  5.2200000e+002  5.5700000e+002
  3.0000000e+001  1.4800000e+002  1.5000000e+001  1.1700000e+002  1.1000000e+002  1.1700000e+002
  3.0000000e+001  1.4800000e+002  1.6000000e+001  1.1700000e+002  1.7600000e+002  1.9800000e+002
  3.0000000e+001  1.4800000e+002  1.7000000e+001  1.1700000e+002  1.4800000e+002  1.6100000e+002
  3.0000000e+001  1.4800000e+002  1.8000000e+001  1.1700000e+002  4.6500000e+002  5.0200000e+002
  3.0000000e+001  1.4800000e+002  1.9000000e+001  1.1700000e+002  2.8600000e+002  2.9500000e+002
  3.0000000e+001  1.4800000e+002  2.0000000e+001  1.1700000e+002  1.1400000e+002  1.3700000e+002
  3.0000000e+001  1.4900000e+002  1.0000000e+000  1.0400000e+002  2.5900000e+002  2.9200000e+002
  3.0000000e+001  1.4900000e+002  2.0000000e+000  1.0400000e+002  7.4900000e+002  7.8700000e+002
  3.0000000e+001  1.4900000e+002  3.0000000e+000  1.0400000e+002  5.5200000e+002  5.8100000e+002
  3.0000000e+001  1.4900000e+002  4.0000000e+000  1.0400000e+002  2.6900000e+002  3.0400000e+002
  3.0000000e+001  1.4900000e+002  5.0000000e+000  1.0400000e+002  7.9800000e+002  8.3200000e+002
  3.0000000e+001  1.4900000e+002  6.0000000e+000  1.0400000e+002  2.3000000e+002  2.7300000e+002
  3.0000000e+001  1.4900000e+002  7.0000000e+000  1.0400000e+002  7.6900000e+002  8.0100000e+002
  3.0000000e+001  1.4900000e+002  8.0000000e+000  1.0400000e+002  1.3910000e+003  1.4190000e+003
  3.0000000e+001  1.4900000e+002  9.0000000e+000  1.0400000e+002  4.4500000e+002  4.6900000e+002
  3.0000000e+001  1.4900000e+002  1.0000000e+001  1.0400000e+002  3.0100000e+002  3.4500000e+002
  3.0000000e+001  1.4900000e+002  1.1000000e+001  1.0400000e+002  3.8600000e+002  4.2000000e+002
  3.0000000e+001  1.4900000e+002  1.2000000e+001  1.0400000e+002  1.8520000e+003  1.9020000e+003
  3.0000000e+001  1.4900000e+002  1.3000000e+001  1.0400000e+002  1.8100000e+002  2.1700000e+002
  3.0000000e+001  1.4900000e+002  1.4000000e+001  1.0400000e+002  4.0600000e+002  4.4400000e+002
  3.0000000e+001  1.4900000e+002  1.5000000e+001  1.0400000e+002  8.4100000e+002  8.8300000e+002
  3.0000000e+001  1.4900000e+002  1.6000000e+001  1.0400000e+002  1.2700000e+002  1.5500000e+002
  3.0000000e+001  1.4900000e+002  1.7000000e+001  1.0400000e+002  1.9800000e+002  2.4700000e+002
  3.0000000e+001  1.4900000e+002  1.8000000e+001  1.0400000e+002  2.0300000e+002  2.4100000e+002
  3.0000000e+001  1.4900000e+002  1.9000000e+001  1.0400000e+002  3.9400000e+002  4.2400000e+002
  3.0000000e+001  1.4900000e+002  2.0000000e+001  1.0400000e+002  8.9500000e+002  9.3000000e+002
  3.0000000e+001  1.5000000e+002  1.0000000e+000  1.0300000e+002  3.0100000e+002  3.4200000e+002
  3.0000000e+001  1.5000000e+002  2.0000000e+000  1.0300000e+002  7.5100000e+002  7.8700000e+002
  3.0000000e+001  1.5000000e+002  3.0000000e+000  1.0300000e+002  1.0170000e+003  1.0590000e+003
  3.0000000e+001  1.5000000e+002  4.0000000e+000  1.0300000e+002  2.9800000e+002  3.3800000e+002
  3.0000000e+001  1.5000000e+002  5.0000000e+000  1.0300000e+002  1.0200000e+002  1.2700000e+002
  3.0000000e+001  1.5000000e+002  6.0000000e+000  1.0300000e+002  3.2200000e+002  3.5800000e+002
  3.0000000e+001  1.5000000e+002  7.0000000e+000  1.0300000e+002  1.5000000e+002  1.8200000e+002
  3.0000000e+001  1.5000000e+002  8.0000000e+000  1.0300000e+002  4.1800000e+002  4.5100000e+002
  3.0000000e+001  1.5000000e+002  9.0000000e+000  1.0300000e+002  4.4100000e+002  4.7300000e+002
  3.0000000e+001  1.5000000e+002  1.0000000e+001  1.0300000e+002  1.4500000e+002  1.6000000e+002
  3.0000000e+001  1.5000000e+002  1.1000000e+001  1.0300000e+002  8.3500000e+002  8.7500000e+002
  3.0000000e+001  1.5000000e+002  1.2000000e+001  1.0300000e+002  5.9700000e+002  6.2800000e+002
  3.0000000e+001  1.5000000e+002  1.3000000e+001  1.0300000e+002  9.4900000e+002  9.9400000e+002
  3.0000000e+001  1.5000000e+002  1.4000000e+001  1.0300000e+002  3.0900000e+002  3.4900000e+002
  3.0000000e+001  1.5000000e+002  1.5000000e+001  1.0300000e+002  1.4200000e+002  1.5400000e+002
  3.0000000e+001  1.5000000e+002  1.6000000e+001  1.0300000e+002  3.1400000e+002  3.6000000e+002
  3.0000000e+001  1.5000000e+002  1.7000000e+001  1.0300000e+002  2.0300000e+002  2.5200000e+002
  3.0000000e+001  1.5000000e+002  1.8000000e+001  1.0300000e+002  2.4200000e+002  2.7900000e+002
  3.0000000e+001  1.5000000e+002  1.9000000e+001  1.0300000e+002  4.7100000e+002  5.0600000e+002
  3.0000000e+001  1.5000000e+002  2.0000000e+001  1.0300000e+002  1.4200000e+002  1.4900000e+002
  3.0000000e+001  1.5100000e+002  1.0000000e+000  1.0800000e+002  1.4260000e+003  1.4690000e+003
  3.0000000e+001  1.5100000e+002  2.0000000e+000  1.0800000e+002  1.1000000e+002  1.3600000e+002
  3.0000000e+001  1.5100000e+002  3.0000000e+000  1.0800000e+002  7.9500000e+002  8.4100000e+002
  3.0000000e+001  1.5100000e+002  4.0000000e+000  1.0800000e+002  1.0400000e+002  1.1100000e+002
  3.0000000e+001  1.5100000e+002  5.0000000e+000  1.0800000e+002  2.5900000e+002  2.9600000e+002
  3.0000000e+001  1.5100000e+002  6.0000000e+000  1.0800000e+002  3.1600000e+002  3.4700000e+002
  3.0000000e+001  1.5100000e+002  7.0000000e+000  1.0800000e+002  7.6100000e+002  7.9000000e+002
  3.0000000e+001  1.5100000e+002  8.0000000e+000  1.0800000e+002  3.0900000e+002  3.4100000e+002
  3.0000000e+001  1.5100000e+002  9.0000000e+000  1.0800000e+002  3.9000000e+002  4.2700000e+002
  3.0000000e+001  1.5100000e+002  1.0000000e+001  1.0800000e+002  1.3300000e+002  1.4500000e+002
  3.0000000e+001  1.5100000e+002  1.1000000e+001  1.0800000e+002  2.0700000e+002  2.4900000e+002
  3.0000000e+001  1.5100000e+002  1.2000000e+001  1.0800000e+002  7.1100000e+002  7.5400000e+002
  3.0000000e+001  1.5100000e+002  1.3000000e+001  1.0800000e+002  3.7800000e+002  4.0600000e+002
  3.0000000e+001  1.5100000e+002  1.4000000e+001  1.0800000e+002  1.4500000e+002  1.5500000e+002
  3.0000000e+001  1.5100000e+002  1.5000000e+001  1.0800000e+002  4.4500000e+002  4.7900000e+002
  3.0000000e+001  1.5100000e+002  1.6000000e+001  1.0800000e+002  1.0200000e+002  1.0900000e+002
  3.0000000e+001  1.5100000e+002  1.7000000e+001  1.0800000e+002  4.5700000e+002  4.9700000e+002
  3.0000000e+001  1.5100000e+002  1.8000000e+001  1.0800000e+002  1.4100000e+002  1.5500000e+002
  3.0000000e+001  1.5100000e+002  1.9000000e+001  1.0800000e+002  7.8300000e+002  8.2000000e+002
  3.0000000e+001  1.5100000e+002  2.0000000e+001  1.0800000e+002  3.5900000e+002  3.9500000e+002
