  7.0000000e+000  1.4200000e+002  1.0100000e+002  0.0000000e+000  6.4770000e+002  4.7908774e+002  6.8595000e+002  4.7986867e+002
  7.0000000e+000  1.4300000e+002  1.0200000e+002  0.0000000e+000  6.1975000e+002  5.1450936e+002  6.5555000e+002  5.1418075e+002
  7.0000000e+000  1.4400000e+002  1.1700000e+002  0.0000000e+000  6.8550000e+002  5.1746055e+002  7.2505000e+002  5.1806690e+002
  7.0000000e+000  1.4500000e+002  1.0900000e+002  0.0000000e+000  3.9930000e+002  2.6195281e+002  4.3260000e+002  2.6441920e+002
  7.0000000e+000  1.4600000e+002  1.0500000e+002  0.0000000e+000  6.1620000e+002  5.1620677e+002  6.5340000e+002  5.1350820e+002
  7.0000000e+000  1.4700000e+002  1.0700000e+002  0.0000000e+000  5.6990000e+002  3.9622175e+002  6.0725000e+002  3.9746418e+002
  7.0000000e+000  1.4800000e+002  1.0400000e+002  0.0000000e+000             NaN             NaN             NaN             NaN
  7.0000000e+000  1.4900000e+002  1.0100000e+002  0.0000000e+000  4.9030000e+002  4.2611206e+002  5.2915000e+002  4.2804319e+002
  7.0000000e+000  1.5000000e+002  1.0100000e+002  0.0000000e+000  5.9625000e+002  3.6691988e+002  6.3175000e+002  3.6698112e+002
  7.0000000e+000  1.5100000e+002  1.0200000e+002  0.0000000e+000  5.1660000e+002  2.7106406e+002  5.5225000e+002  2.7238013e+002
  1.5000000e+001  1.4200000e+002  1.0200000e+002  0.0000000e+000  4.8620000e+002  3.5247181e+002  5.2360000e+002  3.5327556e+002
  1.5000000e+001  1.4300000e+002  1.0500000e+002  0.0000000e+000  5.4850000e+002  2.7858524e+002  5.8795000e+002  2.7863001e+002
  1.5000000e+001  1.4400000e+002  1.3600000e+002  0.0000000e+000  2.8165000e+002  2.9794229e+002  3.0615000e+002  3.0817942e+002
  1.5000000e+001  1.4500000e+002  1.1900000e+002  0.0000000e+000  2.4275000e+002  1.7804638e+002  2.6010000e+002  1.8462135e+002
  1.5000000e+001  1.4600000e+002  1.1000000e+002  0.0000000e+000  3.3595000e+002  2.9345698e+002  3.7070000e+002  2.9243787e+002
  1.5000000e+001  1.4700000e+002  1.1500000e+002  0.0000000e+000  4.2350000e+002  4.2424577e+002  4.5780000e+002  4.2603257e+002
  1.5000000e+001  1.4800000e+002  1.0800000e+002  0.0000000e+000  3.7685000e+002  2.0786642e+002  4.1045000e+002  2.1183297e+002
  1.5000000e+001  1.4900000e+002  1.0200000e+002  0.0000000e+000  9.0305000e+002  5.4778141e+002  9.4045000e+002  5.4792493e+002
  1.5000000e+001  1.5000000e+002  1.0100000e+002  0.0000000e+000  5.3010000e+002  5.9360468e+002  5.6670000e+002  5.9720869e+002
  1.5000000e+001  1.5100000e+002  1.0400000e+002  0.0000000e+000  5.3705000e+002  5.4011943e+002  5.6965000e+002  5.4414620e+002
  3.0000000e+001  1.4200000e+002  1.0300000e+002  0.0000000e+000  6.2355000e+002  5.2291053e+002  6.5930000e+002  5.2315330e+002
  3.0000000e+001  1.4300000e+002  1.0900000e+002  0.0000000e+000  4.3820000e+002  3.6645135e+002  4.6835000e+002  3.7190665e+002
  3.0000000e+001  1.4400000e+002  1.7100000e+002  0.0000000e+000  2.8495000e+002  3.2109164e+002  3.0530000e+002  3.2924892e+002
  3.0000000e+001  1.4500000e+002  1.3800000e+002  0.0000000e+000  2.0270000e+002  5.7931993e+001  2.1025000e+002  5.7127627e+001
  3.0000000e+001  1.4600000e+002  1.2100000e+002  0.0000000e+000  2.6780000e+002  1.6213399e+002  2.9555000e+002  1.6743623e+002
  3.0000000e+001  1.4700000e+002  1.3000000e+002  0.0000000e+000  3.5615000e+002  3.5054563e+002  3.7570000e+002  3.6167812e+002
  3.0000000e+001  1.4800000e+002  1.1700000e+002  0.0000000e+000  2.2170000e+002  1.0952918e+002  2.3690000e+002  1.1529500e+002
  3.0000000e+001  1.4900000e+002  1.0400000e+002  0.0000000e+000  5.6230000e+002  4.4264006e+002  5.9830000e+002  4.4378528e+002
  3.0000000e+001  1.5000000e+002  1.0300000e+002  0.0000000e+000  4.0745000e+002  2.8045611e+002  4.4115000e+002  2.8586734e+002
  3.0000000e+001  1.5100000e+002  1.0800000e+002  0.0000000e+000  4.1655000e+002  3.3410327e+002  4.4610000e+002  3.4242739e+002
