  7.0000000e+000  1.4200000e+002  1.0100000e+002  0.0000000e+000  1.8065000e+002  3.7280269e+001  1.9065000e+002  4.0449156e+001
  7.0000000e+000  1.4300000e+002  1.0200000e+002  0.0000000e+000  2.3055000e+002  9.1153702e+001  2.4135000e+002  8.9798766e+001
  7.0000000e+000  1.4400000e+002  1.1700000e+002  0.0000000e+000  1.7445000e+002  6.5038025e+001  1.8295000e+002  6.6822211e+001
  7.0000000e+000  1.4500000e+002  1.0900000e+002  0.0000000e+000  2.0570000e+002  5.0236389e+001  2.1300000e+002  4.9252304e+001
  7.0000000e+000  1.4600000e+002  1.0500000e+002  0.0000000e+000  2.1765000e+002  6.6212795e+001  2.2575000e+002  6.6705855e+001
  7.0000000e+000  1.4700000e+002  1.0700000e+002  0.0000000e+000  2.2700000e+002  8.1834236e+001  2.3550000e+002  8.3612200e+001
  7.0000000e+000  1.4800000e+002  1.0400000e+002  0.0000000e+000  2.3715000e+002  8.0428638e+001  2.4375000e+002  8.0536278e+001
  7.0000000e+000  1.4900000e+002  1.0100000e+002  0.0000000e+000  1.6200000e+002  4.6043458e+001  1.7290000e+002  4.8006469e+001
  7.0000000e+000  1.5000000e+002  1.0100000e+002  0.0000000e+000  1.9645000e+002  4.3676412e+001  2.0395000e+002  4.3075790e+001
  7.0000000e+000  1.5100000e+002  1.0200000e+002  0.0000000e+000  2.0870000e+002  1.1108513e+002  2.1710000e+002  1.1156678e+002
  1.5000000e+001  1.4200000e+002  1.0200000e+002  0.0000000e+000  2.3215000e+002  9.4051652e+001  2.4505000e+002  9.9548177e+001
  1.5000000e+001  1.4300000e+002  1.0500000e+002  0.0000000e+000  2.2140000e+002  1.2247423e+002  2.3515000e+002  1.2031550e+002
  1.5000000e+001  1.4400000e+002  1.3600000e+002  0.0000000e+000  1.8565000e+002  6.0288146e+001  1.9665000e+002  6.1789349e+001
  1.5000000e+001  1.4500000e+002  1.1900000e+002  0.0000000e+000  1.8865000e+002  4.8873925e+001  1.9650000e+002  4.9632863e+001
  1.5000000e+001  1.4600000e+002  1.1000000e+002  0.0000000e+000  2.3460000e+002  1.0134174e+002  2.5085000e+002  9.7309206e+001
  1.5000000e+001  1.4700000e+002  1.1500000e+002  0.0000000e+000  2.2860000e+002  1.3863940e+002  2.4885000e+002  1.3697725e+002
  1.5000000e+001  1.4800000e+002  1.0800000e+002  0.0000000e+000  2.1920000e+002  1.0067593e+002  2.3170000e+002  1.0125429e+002
  1.5000000e+001  1.4900000e+002  1.0200000e+002  0.0000000e+000  2.1230000e+002  7.8490429e+001  2.2275000e+002  7.7945241e+001
  1.5000000e+001  1.5000000e+002  1.0100000e+002  0.0000000e+000  2.4555000e+002  1.2454231e+002  2.5910000e+002  1.2293426e+002
  1.5000000e+001  1.5100000e+002  1.0400000e+002  0.0000000e+000  1.9645000e+002  6.4429051e+001  2.0580000e+002  6.4029270e+001
  3.0000000e+001  1.4200000e+002  1.0300000e+002  0.0000000e+000  3.0010000e+002  1.9349334e+002  3.1660000e+002  1.9090516e+002
  3.0000000e+001  1.4300000e+002  1.0900000e+002  0.0000000e+000  3.7770000e+002  2.5560724e+002  3.9510000e+002  2.5379434e+002
  3.0000000e+001  1.4400000e+002  1.7100000e+002  0.0000000e+000  1.6895000e+002  5.0615657e+001  1.7845000e+002  5.2653260e+001
  3.0000000e+001  1.4500000e+002  1.3800000e+002  0.0000000e+000  1.9365000e+002  4.5961397e+001  2.0150000e+002  4.4159400e+001
  3.0000000e+001  1.4600000e+002  1.2100000e+002  0.0000000e+000  2.8465000e+002  3.1237886e+002  2.9610000e+002  3.1046161e+002
  3.0000000e+001  1.4700000e+002  1.3000000e+002  0.0000000e+000  2.6405000e+002  3.4293386e+002  2.7185000e+002  3.4427411e+002
  3.0000000e+001  1.4800000e+002  1.1700000e+002  0.0000000e+000  2.0360000e+002  7.3010021e+001  2.1515000e+002  7.9015172e+001
  3.0000000e+001  1.4900000e+002  1.0400000e+002  0.0000000e+000  2.6700000e+002  1.2184719e+002  2.8085000e+002  1.2284791e+002
  3.0000000e+001  1.5000000e+002  1.0300000e+002  0.0000000e+000  2.3900000e+002  1.6334690e+002  2.4890000e+002  1.6279205e+002
  3.0000000e+001  1.5100000e+002  1.0800000e+002  0.0000000e+000  2.4070000e+002  1.4023893e+002  2.5150000e+002  1.3701460e+002
