  7.0000000e+000  1.4200000e+002  1.0000000e+000  1.0100000e+002  2.7100000e+002  3.0800000e+002
  7.0000000e+000  1.4200000e+002  2.0000000e+000  1.0100000e+002  2.4300000e+002  2.7000000e+002
  7.0000000e+000  1.4200000e+002  3.0000000e+000  1.0100000e+002  2.5700000e+002  2.8800000e+002
  7.0000000e+000  1.4200000e+002  4.0000000e+000  1.0100000e+002  3.0100000e+002  3.3700000e+002
  7.0000000e+000  1.4200000e+002  5.0000000e+000  1.0100000e+002  1.0240000e+003  1.0640000e+003
  7.0000000e+000  1.4200000e+002  6.0000000e+000  1.0100000e+002  1.0400000e+002  1.3000000e+002
  7.0000000e+000  1.4200000e+002  7.0000000e+000  1.0100000e+002  4.5700000e+002  4.9000000e+002
  7.0000000e+000  1.4200000e+002  8.0000000e+000  1.0100000e+002  1.6600000e+002  1.9900000e+002
  7.0000000e+000  1.4200000e+002  9.0000000e+000  1.0100000e+002  5.5500000e+002  6.0000000e+002
  7.0000000e+000  1.4200000e+002  1.0000000e+001  1.0100000e+002  2.0700000e+002  2.3700000e+002
  7.0000000e+000  1.4200000e+002  1.1000000e+001  1.0100000e+002  2.0600000e+002  2.4900000e+002
  7.0000000e+000  1.4200000e+002  1.2000000e+001  1.0100000e+002  2.4900000e+002  2.8900000e+002
  7.0000000e+000  1.4200000e+002  1.3000000e+001  1.0100000e+002  1.6400000e+002  1.9800000e+002
  7.0000000e+000  1.4200000e+002  1.4000000e+001  1.0100000e+002  1.6980000e+003  1.7440000e+003
  7.0000000e+000  1.4200000e+002  1.5000000e+001  1.0100000e+002  2.4300000e+002  2.8900000e+002
  7.0000000e+000  1.4200000e+002  1.6000000e+001  1.0100000e+002  1.4600000e+002  1.7000000e+002
  7.0000000e+000  1.4200000e+002  1.7000000e+001  1.0100000e+002  1.4600000e+002  1.8100000e+002
  7.0000000e+000  1.4200000e+002  1.8000000e+001  1.0100000e+002  4.7900000e+002  5.1800000e+002
  7.0000000e+000  1.4200000e+002  1.9000000e+001  1.0100000e+002  3.9000000e+002  4.2900000e+002
  7.0000000e+000  1.4200000e+002  2.0000000e+001  1.0100000e+002  1.5500000e+002  1.8500000e+002
  7.0000000e+000  1.4300000e+002  1.0000000e+000  1.0200000e+002  4.2000000e+002  4.4600000e+002
  7.0000000e+000  1.4300000e+002  2.0000000e+000  1.0200000e+002  2.4300000e+002  2.7200000e+002
  7.0000000e+000  1.4300000e+002  3.0000000e+000  1.0200000e+002  7.1800000e+002  7.5200000e+002
  7.0000000e+000  1.4300000e+002  4.0000000e+000  1.0200000e+002  4.2500000e+002  4.5200000e+002
  7.0000000e+000  1.4300000e+002  5.0000000e+000  1.0200000e+002  3.3000000e+002  3.8000000e+002
  7.0000000e+000  1.4300000e+002  6.0000000e+000  1.0200000e+002  3.9400000e+002  4.2500000e+002
  7.0000000e+000  1.4300000e+002  7.0000000e+000  1.0200000e+002  5.5900000e+002  6.0500000e+002
  7.0000000e+000  1.4300000e+002  8.0000000e+000  1.0200000e+002  2.9200000e+002  3.2900000e+002
  7.0000000e+000  1.4300000e+002  9.0000000e+000  1.0200000e+002  3.6100000e+002  3.9700000e+002
  7.0000000e+000  1.4300000e+002  1.0000000e+001  1.0200000e+002  5.0000000e+002  5.3400000e+002
  7.0000000e+000  1.4300000e+002  1.1000000e+001  1.0200000e+002  1.6700000e+002  2.0000000e+002
  7.0000000e+000  1.4300000e+002  1.2000000e+001  1.0200000e+002  4.3000000e+002  4.6800000e+002
  7.0000000e+000  1.4300000e+002  1.3000000e+001  1.0200000e+002  2.9400000e+002  3.2900000e+002
  7.0000000e+000  1.4300000e+002  1.4000000e+001  1.0200000e+002  2.7700000e+002  3.0900000e+002
  7.0000000e+000  1.4300000e+002  1.5000000e+001  1.0200000e+002  4.6500000e+002  5.0000000e+002
  7.0000000e+000  1.4300000e+002  1.6000000e+001  1.0200000e+002  3.4100000e+002  3.8300000e+002
  7.0000000e+000  1.4300000e+002  1.7000000e+001  1.0200000e+002  5.5100000e+002  5.9500000e+002
  7.0000000e+000  1.4300000e+002  1.8000000e+001  1.0200000e+002  2.9000000e+002  3.3300000e+002
  7.0000000e+000  1.4300000e+002  1.9000000e+001  1.0200000e+002  3.0300000e+002  3.4600000e+002
  7.0000000e+000  1.4300000e+002  2.0000000e+001  1.0200000e+002  3.6400000e+002  4.1000000e+002
  7.0000000e+000  1.4400000e+002  1.0000000e+000  1.1700000e+002  1.8200000e+002  2.1500000e+002
  7.0000000e+000  1.4400000e+002  2.0000000e+000  1.1700000e+002  1.0500000e+002  1.1500000e+002
  7.0000000e+000  1.4400000e+002  3.0000000e+000  1.1700000e+002  2.2300000e+002  2.5300000e+002
  7.0000000e+000  1.4400000e+002  4.0000000e+000  1.1700000e+002  3.2300000e+002  3.5300000e+002
  7.0000000e+000  1.4400000e+002  5.0000000e+000  1.1700000e+002  1.2400000e+002  1.7300000e+002
  7.0000000e+000  1.4400000e+002  6.0000000e+000  1.1700000e+002  1.1600000e+002  1.2000000e+002
  7.0000000e+000  1.4400000e+002  7.0000000e+000  1.1700000e+002  4.6300000e+002  4.8900000e+002
  7.0000000e+000  1.4400000e+002  8.0000000e+000  1.1700000e+002  3.9000000e+002  4.4400000e+002
  7.0000000e+000  1.4400000e+002  9.0000000e+000  1.1700000e+002  2.5200000e+002  2.8400000e+002
  7.0000000e+000  1.4400000e+002  1.0000000e+001  1.1700000e+002  1.9370000e+003  1.9680000e+003
  7.0000000e+000  1.4400000e+002  1.1000000e+001  1.1700000e+002  1.5510000e+003  1.5900000e+003
  7.0000000e+000  1.4400000e+002  1.2000000e+001  1.1700000e+002  4.5400000e+002  4.8800000e+002
  7.0000000e+000  1.4400000e+002  1.3000000e+001  1.1700000e+002  4.3100000e+002  4.7700000e+002
  7.0000000e+000  1.4400000e+002  1.4000000e+001  1.1700000e+002  1.6300000e+002  1.9700000e+002
  7.0000000e+000  1.4400000e+002  1.5000000e+001  1.1700000e+002  3.4200000e+002  3.7400000e+002
  7.0000000e+000  1.4400000e+002  1.6000000e+001  1.1700000e+002  8.5400000e+002  8.9300000e+002
  7.0000000e+000  1.4400000e+002  1.7000000e+001  1.1700000e+002  1.5400000e+002  1.9500000e+002
  7.0000000e+000  1.4400000e+002  1.8000000e+001  1.1700000e+002  1.5300000e+002  1.9600000e+002
  7.0000000e+000  1.4400000e+002  1.9000000e+001  1.1700000e+002  3.5700000e+002  3.9300000e+002
  7.0000000e+000  1.4400000e+002  2.0000000e+001  1.1700000e+002  1.0900000e+002  1.1800000e+002
  7.0000000e+000  1.4500000e+002  1.0000000e+000  1.0900000e+002  6.1800000e+002  6.5600000e+002
  7.0000000e+000  1.4500000e+002  2.0000000e+000  1.0900000e+002  1.9300000e+002  2.3100000e+002
  7.0000000e+000  1.4500000e+002  3.0000000e+000  1.0900000e+002  1.5400000e+002  1.5600000e+002
  7.0000000e+000  1.4500000e+002  4.0000000e+000  1.0900000e+002  1.3800000e+002  1.4600000e+002
  7.0000000e+000  1.4500000e+002  5.0000000e+000  1.0900000e+002  2.9000000e+002  3.3300000e+002
  7.0000000e+000  1.4500000e+002  6.0000000e+000  1.0900000e+002  1.5100000e+002  1.5400000e+002
  7.0000000e+000  1.4500000e+002  7.0000000e+000  1.0900000e+002  6.1300000e+002  6.4900000e+002
  7.0000000e+000  1.4500000e+002  8.0000000e+000  1.0900000e+002  2.5500000e+002  3.0500000e+002
  7.0000000e+000  1.4500000e+002  9.0000000e+000  1.0900000e+002  1.6460000e+003  1.6780000e+003
  7.0000000e+000  1.4500000e+002  1.0000000e+001  1.0900000e+002  2.4200000e+002  2.8100000e+002
  7.0000000e+000  1.4500000e+002  1.1000000e+001  1.0900000e+002  3.2900000e+002  3.6200000e+002
  7.0000000e+000  1.4500000e+002  1.2000000e+001  1.0900000e+002  1.1200000e+002  1.1600000e+002
  7.0000000e+000  1.4500000e+002  1.3000000e+001  1.0900000e+002  1.5000000e+002  1.5400000e+002
  7.0000000e+000  1.4500000e+002  1.4000000e+001  1.0900000e+002  4.5700000e+002  4.9100000e+002
  7.0000000e+000  1.4500000e+002  1.5000000e+001  1.0900000e+002  3.0000000e+002  3.3600000e+002
  7.0000000e+000  1.4500000e+002  1.6000000e+001  1.0900000e+002  2.1100000e+002  2.4200000e+002
  7.0000000e+000  1.4500000e+002  1.7000000e+001  1.0900000e+002  1.1300000e+002  1.3400000e+002
  7.0000000e+000  1.4500000e+002  1.8000000e+001  1.0900000e+002  1.1400000e+002  1.4000000e+002
  7.0000000e+000  1.4500000e+002  1.9000000e+001  1.0900000e+002  3.0300000e+002  3.3000000e+002
  7.0000000e+000  1.4500000e+002  2.0000000e+001  1.0900000e+002  1.3200000e+002  1.4000000e+002
  7.0000000e+000  1.4600000e+002  1.0000000e+000  1.0500000e+002  4.3200000e+002  4.7600000e+002
  7.0000000e+000  1.4600000e+002  2.0000000e+000  1.0500000e+002  1.8500000e+002  2.1700000e+002
  7.0000000e+000  1.4600000e+002  3.0000000e+000  1.0500000e+002             NaN             NaN
  7.0000000e+000  1.4600000e+002  4.0000000e+000  1.0500000e+002  2.5800000e+002  2.9200000e+002
  7.0000000e+000  1.4600000e+002  5.0000000e+000  1.0500000e+002  2.5100000e+002  2.8900000e+002
  7.0000000e+000  1.4600000e+002  6.0000000e+000  1.0500000e+002  1.1800000e+002  1.5400000e+002
  7.0000000e+000  1.4600000e+002  7.0000000e+000  1.0500000e+002  2.6100000e+002  3.0500000e+002
  7.0000000e+000  1.4600000e+002  8.0000000e+000  1.0500000e+002  1.9300000e+002  2.2300000e+002
  7.0000000e+000  1.4600000e+002  9.0000000e+000  1.0500000e+002             NaN             NaN
  7.0000000e+000  1.4600000e+002  1.0000000e+001  1.0500000e+002  3.0300000e+002  3.3300000e+002
  7.0000000e+000  1.4600000e+002  1.1000000e+001  1.0500000e+002  1.9500000e+002  2.2400000e+002
  7.0000000e+000  1.4600000e+002  1.2000000e+001  1.0500000e+002  4.4100000e+002  4.7500000e+002
  7.0000000e+000  1.4600000e+002  1.3000000e+001  1.0500000e+002  1.1180000e+003  1.1530000e+003
  7.0000000e+000  1.4600000e+002  1.4000000e+001  1.0500000e+002  3.8900000e+002  4.1800000e+002
  7.0000000e+000  1.4600000e+002  1.5000000e+001  1.0500000e+002  5.8700000e+002  6.2900000e+002
  7.0000000e+000  1.4600000e+002  1.6000000e+001  1.0500000e+002  7.8100000e+002  8.1700000e+002
  7.0000000e+000  1.4600000e+002  1.7000000e+001  1.0500000e+002  4.5000000e+002  4.7900000e+002
  7.0000000e+000  1.4600000e+002  1.8000000e+001  1.0500000e+002  4.6400000e+002  5.0800000e+002
  7.0000000e+000  1.4600000e+002  1.9000000e+001  1.0500000e+002  1.0800000e+002  1.4200000e+002
  7.0000000e+000  1.4600000e+002  2.0000000e+001  1.0500000e+002  2.1660000e+003  2.2030000e+003
  7.0000000e+000  1.4700000e+002  1.0000000e+000  1.0700000e+002  5.2700000e+002  5.6700000e+002
  7.0000000e+000  1.4700000e+002  2.0000000e+000  1.0700000e+002  8.6600000e+002  9.0300000e+002
  7.0000000e+000  1.4700000e+002  3.0000000e+000  1.0700000e+002  3.9100000e+002  4.2800000e+002
  7.0000000e+000  1.4700000e+002  4.0000000e+000  1.0700000e+002  6.9800000e+002  7.3700000e+002
  7.0000000e+000  1.4700000e+002  5.0000000e+000  1.0700000e+002  5.6300000e+002  6.0300000e+002
  7.0000000e+000  1.4700000e+002  6.0000000e+000  1.0700000e+002  1.0800000e+002  1.1100000e+002
  7.0000000e+000  1.4700000e+002  7.0000000e+000  1.0700000e+002  4.3600000e+002  4.7300000e+002
  7.0000000e+000  1.4700000e+002  8.0000000e+000  1.0700000e+002  9.3200000e+002  9.6300000e+002
  7.0000000e+000  1.4700000e+002  9.0000000e+000  1.0700000e+002  2.2600000e+002  2.5500000e+002
  7.0000000e+000  1.4700000e+002  1.0000000e+001  1.0700000e+002  2.7700000e+002  3.0900000e+002
  7.0000000e+000  1.4700000e+002  1.1000000e+001  1.0700000e+002  2.6500000e+002  2.9900000e+002
  7.0000000e+000  1.4700000e+002  1.2000000e+001  1.0700000e+002  5.3500000e+002  5.7700000e+002
  7.0000000e+000  1.4700000e+002  1.3000000e+001  1.0700000e+002  3.2000000e+002  3.5900000e+002
  7.0000000e+000  1.4700000e+002  1.4000000e+001  1.0700000e+002  1.0900000e+002  1.1200000e+002
  7.0000000e+000  1.4700000e+002  1.5000000e+001  1.0700000e+002  1.0900000e+002  1.1400000e+002
  7.0000000e+000  1.4700000e+002  1.6000000e+001  1.0700000e+002  3.2000000e+002  3.6000000e+002
  7.0000000e+000  1.4700000e+002  1.7000000e+001  1.0700000e+002  3.8200000e+002  4.2500000e+002
  7.0000000e+000  1.4700000e+002  1.8000000e+001  1.0700000e+002  1.0800000e+003  1.1090000e+003
  7.0000000e+000  1.4700000e+002  1.9000000e+001  1.0700000e+002  3.3000000e+002  3.6400000e+002
  7.0000000e+000  1.4700000e+002  2.0000000e+001  1.0700000e+002  1.5700000e+002  1.9000000e+002
  7.0000000e+000  1.4800000e+002  1.0000000e+000  1.0400000e+002  2.5700000e+002  2.9900000e+002
  7.0000000e+000  1.4800000e+002  2.0000000e+000  1.0400000e+002  2.2400000e+002  2.6900000e+002
  7.0000000e+000  1.4800000e+002  3.0000000e+000  1.0400000e+002  7.3000000e+002  7.6200000e+002
  7.0000000e+000  1.4800000e+002  4.0000000e+000  1.0400000e+002  1.4530000e+003  1.4940000e+003
  7.0000000e+000  1.4800000e+002  5.0000000e+000  1.0400000e+002  4.9200000e+002  5.4000000e+002
  7.0000000e+000  1.4800000e+002  6.0000000e+000  1.0400000e+002  3.5700000e+002  3.9800000e+002
  7.0000000e+000  1.4800000e+002  7.0000000e+000  1.0400000e+002  3.9600000e+002  4.3300000e+002
  7.0000000e+000  1.4800000e+002  8.0000000e+000  1.0400000e+002  1.8570000e+003  1.8910000e+003
  7.0000000e+000  1.4800000e+002  9.0000000e+000  1.0400000e+002  8.5900000e+002  9.0100000e+002
  7.0000000e+000  1.4800000e+002  1.0000000e+001  1.0400000e+002  7.0000000e+002  7.3800000e+002
  7.0000000e+000  1.4800000e+002  1.1000000e+001  1.0400000e+002  3.4900000e+002  3.8600000e+002
  7.0000000e+000  1.4800000e+002  1.2000000e+001  1.0400000e+002  2.3400000e+002  2.7400000e+002
  7.0000000e+000  1.4800000e+002  1.3000000e+001  1.0400000e+002  6.1500000e+002  6.4200000e+002
  7.0000000e+000  1.4800000e+002  1.4000000e+001  1.0400000e+002  7.9200000e+002  8.2800000e+002
  7.0000000e+000  1.4800000e+002  1.5000000e+001  1.0400000e+002  3.1000000e+002  3.4700000e+002
  7.0000000e+000  1.4800000e+002  1.6000000e+001  1.0400000e+002  1.2070000e+003  1.2390000e+003
  7.0000000e+000  1.4800000e+002  1.7000000e+001  1.0400000e+002  2.9300000e+002  3.2100000e+002
  7.0000000e+000  1.4800000e+002  1.8000000e+001  1.0400000e+002  1.3720000e+003  1.4090000e+003
  7.0000000e+000  1.4800000e+002  1.9000000e+001  1.0400000e+002  3.6900000e+002  4.0400000e+002
  7.0000000e+000  1.4800000e+002  2.0000000e+001  1.0400000e+002  1.2900000e+002  1.6500000e+002
  7.0000000e+000  1.4900000e+002  1.0000000e+000  1.0100000e+002  1.1700000e+002  1.5100000e+002
  7.0000000e+000  1.4900000e+002  2.0000000e+000  1.0100000e+002  3.4400000e+002  3.7900000e+002
  7.0000000e+000  1.4900000e+002  3.0000000e+000  1.0100000e+002  1.0340000e+003  1.0760000e+003
  7.0000000e+000  1.4900000e+002  4.0000000e+000  1.0100000e+002  1.0300000e+003  1.0790000e+003
  7.0000000e+000  1.4900000e+002  5.0000000e+000  1.0100000e+002  4.6900000e+002  5.1400000e+002
  7.0000000e+000  1.4900000e+002  6.0000000e+000  1.0100000e+002  2.7400000e+002  3.1100000e+002
  7.0000000e+000  1.4900000e+002  7.0000000e+000  1.0100000e+002  3.9100000e+002  4.3200000e+002
  7.0000000e+000  1.4900000e+002  8.0000000e+000  1.0100000e+002  4.3000000e+002  4.6700000e+002
  7.0000000e+000  1.4900000e+002  9.0000000e+000  1.0100000e+002  4.6800000e+002  4.9800000e+002
  7.0000000e+000  1.4900000e+002  1.0000000e+001  1.0100000e+002  1.4480000e+003  1.4760000e+003
  7.0000000e+000  1.4900000e+002  1.1000000e+001  1.0100000e+002  3.2100000e+002  3.5700000e+002
  7.0000000e+000  1.4900000e+002  1.2000000e+001  1.0100000e+002  2.6700000e+002  3.1500000e+002
  7.0000000e+000  1.4900000e+002  1.3000000e+001  1.0100000e+002  1.8800000e+002  2.2700000e+002
  7.0000000e+000  1.4900000e+002  1.4000000e+001  1.0100000e+002  4.1900000e+002  4.6500000e+002
  7.0000000e+000  1.4900000e+002  1.5000000e+001  1.0100000e+002  2.0100000e+002  2.3100000e+002
  7.0000000e+000  1.4900000e+002  1.6000000e+001  1.0100000e+002  1.3330000e+003  1.3660000e+003
  7.0000000e+000  1.4900000e+002  1.7000000e+001  1.0100000e+002  5.6200000e+002  6.0600000e+002
  7.0000000e+000  1.4900000e+002  1.8000000e+001  1.0100000e+002  1.2990000e+003  1.3430000e+003
  7.0000000e+000  1.4900000e+002  1.9000000e+001  1.0100000e+002  1.3060000e+003  1.3480000e+003
  7.0000000e+000  1.4900000e+002  2.0000000e+001  1.0100000e+002  3.3100000e+002  3.7200000e+002
  7.0000000e+000  1.5000000e+002  1.0000000e+000  1.0100000e+002  3.1800000e+002  3.6700000e+002
  7.0000000e+000  1.5000000e+002  2.0000000e+000  1.0100000e+002  3.4000000e+002  3.7900000e+002
  7.0000000e+000  1.5000000e+002  3.0000000e+000  1.0100000e+002  7.0900000e+002  7.4700000e+002
  7.0000000e+000  1.5000000e+002  4.0000000e+000  1.0100000e+002  3.6100000e+002  4.0200000e+002
  7.0000000e+000  1.5000000e+002  5.0000000e+000  1.0100000e+002  3.8900000e+002  4.2300000e+002
  7.0000000e+000  1.5000000e+002  6.0000000e+000  1.0100000e+002  8.5100000e+002  8.9000000e+002
  7.0000000e+000  1.5000000e+002  7.0000000e+000  1.0100000e+002  2.3600000e+002  2.7900000e+002
  7.0000000e+000  1.5000000e+002  8.0000000e+000  1.0100000e+002  1.7800000e+002  2.2200000e+002
  7.0000000e+000  1.5000000e+002  9.0000000e+000  1.0100000e+002  4.2800000e+002  4.6700000e+002
  7.0000000e+000  1.5000000e+002  1.0000000e+001  1.0100000e+002  1.0500000e+002  1.3800000e+002
  7.0000000e+000  1.5000000e+002  1.1000000e+001  1.0100000e+002  7.5700000e+002  8.0200000e+002
  7.0000000e+000  1.5000000e+002  1.2000000e+001  1.0100000e+002  1.7400000e+002  2.1300000e+002
  7.0000000e+000  1.5000000e+002  1.3000000e+001  1.0100000e+002  2.0400000e+002  2.4300000e+002
  7.0000000e+000  1.5000000e+002  1.4000000e+001  1.0100000e+002  2.2400000e+002  2.6100000e+002
  7.0000000e+000  1.5000000e+002  1.5000000e+001  1.0100000e+002  1.8200000e+002  2.3000000e+002
  7.0000000e+000  1.5000000e+002  1.6000000e+001  1.0100000e+002  1.0500000e+002  1.3300000e+002
  7.0000000e+000  1.5000000e+002  1.7000000e+001  1.0100000e+002  2.8000000e+002  3.0700000e+002
  7.0000000e+000  1.5000000e+002  1.8000000e+001  1.0100000e+002  2.0640000e+003  2.1040000e+003
  7.0000000e+000  1.5000000e+002  1.9000000e+001  1.0100000e+002  3.4200000e+002  3.8200000e+002
  7.0000000e+000  1.5000000e+002  2.0000000e+001  1.0100000e+002  1.0500000e+002  1.3000000e+002
  7.0000000e+000  1.5100000e+002  1.0000000e+000  1.0200000e+002  1.2100000e+002  1.6900000e+002
  7.0000000e+000  1.5100000e+002  2.0000000e+000  1.0200000e+002  2.3350000e+003  2.3660000e+003
  7.0000000e+000  1.5100000e+002  3.0000000e+000  1.0200000e+002  1.0400000e+002  1.0700000e+002
  7.0000000e+000  1.5100000e+002  4.0000000e+000  1.0200000e+002  2.2800000e+002  2.6400000e+002
  7.0000000e+000  1.5100000e+002  5.0000000e+000  1.0200000e+002  3.8800000e+002  4.1600000e+002
  7.0000000e+000  1.5100000e+002  6.0000000e+000  1.0200000e+002  1.6300000e+002  2.0500000e+002
  7.0000000e+000  1.5100000e+002  7.0000000e+000  1.0200000e+002  2.9100000e+002  3.3500000e+002
  7.0000000e+000  1.5100000e+002  8.0000000e+000  1.0200000e+002  4.0800000e+002  4.3900000e+002
  7.0000000e+000  1.5100000e+002  9.0000000e+000  1.0200000e+002  1.1810000e+003  1.2140000e+003
  7.0000000e+000  1.5100000e+002  1.0000000e+001  1.0200000e+002  2.4500000e+002  2.7900000e+002
  7.0000000e+000  1.5100000e+002  1.1000000e+001  1.0200000e+002  3.0800000e+002  3.4800000e+002
  7.0000000e+000  1.5100000e+002  1.2000000e+001  1.0200000e+002  1.0800000e+002  1.3900000e+002
  7.0000000e+000  1.5100000e+002  1.3000000e+001  1.0200000e+002  9.5700000e+002  1.0030000e+003
  7.0000000e+000  1.5100000e+002  1.4000000e+001  1.0200000e+002  1.0700000e+002  1.2400000e+002
  7.0000000e+000  1.5100000e+002  1.5000000e+001  1.0200000e+002  4.1700000e+002  4.4300000e+002
  7.0000000e+000  1.5100000e+002  1.6000000e+001  1.0200000e+002  1.1440000e+003  1.1960000e+003
  7.0000000e+000  1.5100000e+002  1.7000000e+001  1.0200000e+002  3.4400000e+002  3.7700000e+002
  7.0000000e+000  1.5100000e+002  1.8000000e+001  1.0200000e+002  1.2400000e+003  1.2770000e+003
  7.0000000e+000  1.5100000e+002  1.9000000e+001  1.0200000e+002  1.7300000e+002  2.0400000e+002
  7.0000000e+000  1.5100000e+002  2.0000000e+001  1.0200000e+002  1.0400000e+002  1.0600000e+002
  1.5000000e+001  1.4200000e+002  1.0000000e+000  1.0200000e+002  2.6600000e+002  2.9500000e+002
  1.5000000e+001  1.4200000e+002  2.0000000e+000  1.0200000e+002  3.0800000e+002  3.4000000e+002
  1.5000000e+001  1.4200000e+002  3.0000000e+000  1.0200000e+002  2.8400000e+002  3.2500000e+002
  1.5000000e+001  1.4200000e+002  4.0000000e+000  1.0200000e+002  5.6600000e+002  5.9400000e+002
  1.5000000e+001  1.4200000e+002  5.0000000e+000  1.0200000e+002  7.8700000e+002  8.2600000e+002
  1.5000000e+001  1.4200000e+002  6.0000000e+000  1.0200000e+002  2.5420000e+003  2.5780000e+003
  1.5000000e+001  1.4200000e+002  7.0000000e+000  1.0200000e+002  1.5600000e+002  1.9400000e+002
  1.5000000e+001  1.4200000e+002  8.0000000e+000  1.0200000e+002  8.2300000e+002  8.6600000e+002
  1.5000000e+001  1.4200000e+002  9.0000000e+000  1.0200000e+002  1.0100000e+002  1.0400000e+002
  1.5000000e+001  1.4200000e+002  1.0000000e+001  1.0200000e+002  1.0300000e+002  1.0500000e+002
  1.5000000e+001  1.4200000e+002  1.1000000e+001  1.0200000e+002  1.0600000e+002  1.1200000e+002
  1.5000000e+001  1.4200000e+002  1.2000000e+001  1.0200000e+002  3.2500000e+002  3.7400000e+002
  1.5000000e+001  1.4200000e+002  1.3000000e+001  1.0200000e+002  4.8600000e+002  5.3600000e+002
  1.5000000e+001  1.4200000e+002  1.4000000e+001  1.0200000e+002  2.5600000e+002  2.9700000e+002
  1.5000000e+001  1.4200000e+002  1.5000000e+001  1.0200000e+002  7.7900000e+002  8.0900000e+002
  1.5000000e+001  1.4200000e+002  1.6000000e+001  1.0200000e+002  1.6400000e+002  2.0500000e+002
  1.5000000e+001  1.4200000e+002  1.7000000e+001  1.0200000e+002  8.3400000e+002  8.7000000e+002
  1.5000000e+001  1.4200000e+002  1.8000000e+001  1.0200000e+002  2.1700000e+002  2.5500000e+002
  1.5000000e+001  1.4200000e+002  1.9000000e+001  1.0200000e+002  1.0500000e+002  1.2800000e+002
  1.5000000e+001  1.4200000e+002  2.0000000e+001  1.0200000e+002  4.1100000e+002  4.5000000e+002
  1.5000000e+001  1.4300000e+002  1.0000000e+000  1.0500000e+002  3.5100000e+002  3.8000000e+002
  1.5000000e+001  1.4300000e+002  2.0000000e+000  1.0500000e+002  1.0700000e+002  1.1100000e+002
  1.5000000e+001  1.4300000e+002  3.0000000e+000  1.0500000e+002  1.6400000e+002  1.9900000e+002
  1.5000000e+001  1.4300000e+002  4.0000000e+000  1.0500000e+002  1.5960000e+003  1.6400000e+003
  1.5000000e+001  1.4300000e+002  5.0000000e+000  1.0500000e+002  1.3000000e+003  1.3460000e+003
  1.5000000e+001  1.4300000e+002  6.0000000e+000  1.0500000e+002  1.2400000e+002  1.3300000e+002
  1.5000000e+001  1.4300000e+002  7.0000000e+000  1.0500000e+002  6.0600000e+002  6.3100000e+002
  1.5000000e+001  1.4300000e+002  8.0000000e+000  1.0500000e+002  4.8500000e+002  5.2500000e+002
  1.5000000e+001  1.4300000e+002  9.0000000e+000  1.0500000e+002  1.0800000e+002  1.2300000e+002
  1.5000000e+001  1.4300000e+002  1.0000000e+001  1.0500000e+002  1.2400000e+002  1.3400000e+002
  1.5000000e+001  1.4300000e+002  1.1000000e+001  1.0500000e+002  1.2500000e+002  1.3500000e+002
  1.5000000e+001  1.4300000e+002  1.2000000e+001  1.0500000e+002  4.3900000e+002  4.7400000e+002
  1.5000000e+001  1.4300000e+002  1.3000000e+001  1.0500000e+002  1.3500000e+002  1.6900000e+002
  1.5000000e+001  1.4300000e+002  1.4000000e+001  1.0500000e+002  3.0500000e+002  3.4000000e+002
  1.5000000e+001  1.4300000e+002  1.5000000e+001  1.0500000e+002  3.5900000e+002  4.0000000e+002
  1.5000000e+001  1.4300000e+002  1.6000000e+001  1.0500000e+002  2.7100000e+002  3.0800000e+002
  1.5000000e+001  1.4300000e+002  1.7000000e+001  1.0500000e+002  4.9000000e+002  5.2900000e+002
  1.5000000e+001  1.4300000e+002  1.8000000e+001  1.0500000e+002  9.1700000e+002  9.5600000e+002
  1.5000000e+001  1.4300000e+002  1.9000000e+001  1.0500000e+002  3.6400000e+002  3.9400000e+002
  1.5000000e+001  1.4300000e+002  2.0000000e+001  1.0500000e+002  1.7900000e+002  2.1900000e+002
  1.5000000e+001  1.4400000e+002  1.0000000e+000  1.3600000e+002  1.2900000e+002  1.3700000e+002
  1.5000000e+001  1.4400000e+002  2.0000000e+000  1.3600000e+002  4.7400000e+002  5.1200000e+002
  1.5000000e+001  1.4400000e+002  3.0000000e+000  1.3600000e+002  5.3900000e+002  5.7000000e+002
  1.5000000e+001  1.4400000e+002  4.0000000e+000  1.3600000e+002  8.6900000e+002  9.1400000e+002
  1.5000000e+001  1.4400000e+002  5.0000000e+000  1.3600000e+002  1.2800000e+002  1.3400000e+002
  1.5000000e+001  1.4400000e+002  6.0000000e+000  1.3600000e+002  1.3100000e+002  1.3700000e+002
  1.5000000e+001  1.4400000e+002  7.0000000e+000  1.3600000e+002  1.0560000e+003  1.0890000e+003
  1.5000000e+001  1.4400000e+002  8.0000000e+000  1.3600000e+002  5.1900000e+002  5.6000000e+002
  1.5000000e+001  1.4400000e+002  9.0000000e+000  1.3600000e+002  2.5300000e+002  2.9500000e+002
  1.5000000e+001  1.4400000e+002  1.0000000e+001  1.3600000e+002  8.0700000e+002  8.4100000e+002
  1.5000000e+001  1.4400000e+002  1.1000000e+001  1.3600000e+002  5.0300000e+002  5.3700000e+002
  1.5000000e+001  1.4400000e+002  1.2000000e+001  1.3600000e+002  1.6100000e+002  1.9300000e+002
  1.5000000e+001  1.4400000e+002  1.3000000e+001  1.3600000e+002  1.3900000e+002  1.7500000e+002
  1.5000000e+001  1.4400000e+002  1.4000000e+001  1.3600000e+002  4.0300000e+002  4.4500000e+002
  1.5000000e+001  1.4400000e+002  1.5000000e+001  1.3600000e+002  5.2700000e+002  5.6300000e+002
  1.5000000e+001  1.4400000e+002  1.6000000e+001  1.3600000e+002  5.0900000e+002  5.4500000e+002
  1.5000000e+001  1.4400000e+002  1.7000000e+001  1.3600000e+002  5.3300000e+002  5.7100000e+002
  1.5000000e+001  1.4400000e+002  1.8000000e+001  1.3600000e+002  1.2900000e+002  1.3400000e+002
  1.5000000e+001  1.4400000e+002  1.9000000e+001  1.3600000e+002  5.7500000e+002  6.2400000e+002
  1.5000000e+001  1.4400000e+002  2.0000000e+001  1.3600000e+002  2.3600000e+002  2.6400000e+002
  1.5000000e+001  1.4500000e+002  1.0000000e+000  1.1900000e+002  1.7300000e+002  1.8100000e+002
  1.5000000e+001  1.4500000e+002  2.0000000e+000  1.1900000e+002  1.9300000e+002  1.9700000e+002
  1.5000000e+001  1.4500000e+002  3.0000000e+000  1.1900000e+002  1.1600000e+002  1.2100000e+002
  1.5000000e+001  1.4500000e+002  4.0000000e+000  1.1900000e+002  1.7700000e+002  1.8300000e+002
  1.5000000e+001  1.4500000e+002  5.0000000e+000  1.1900000e+002  1.6800000e+002  1.7400000e+002
  1.5000000e+001  1.4500000e+002  6.0000000e+000  1.1900000e+002  1.2000000e+002  1.2300000e+002
  1.5000000e+001  1.4500000e+002  7.0000000e+000  1.1900000e+002  1.9200000e+002  1.9900000e+002
  1.5000000e+001  1.4500000e+002  8.0000000e+000  1.1900000e+002  2.1000000e+002  2.1400000e+002
  1.5000000e+001  1.4500000e+002  9.0000000e+000  1.1900000e+002  1.4600000e+002  1.5700000e+002
  1.5000000e+001  1.4500000e+002  1.0000000e+001  1.1900000e+002  1.9200000e+002  2.0300000e+002
  1.5000000e+001  1.4500000e+002  1.1000000e+001  1.1900000e+002  4.4000000e+002  4.8300000e+002
  1.5000000e+001  1.4500000e+002  1.2000000e+001  1.1900000e+002  1.1600000e+002  1.2000000e+002
  1.5000000e+001  1.4500000e+002  1.3000000e+001  1.1900000e+002  1.2000000e+002  1.2300000e+002
  1.5000000e+001  1.4500000e+002  1.4000000e+001  1.1900000e+002  9.8000000e+001  1.0500000e+002
  1.5000000e+001  1.4500000e+002  1.5000000e+001  1.1900000e+002  1.7200000e+002  1.8200000e+002
  1.5000000e+001  1.4500000e+002  1.6000000e+001  1.1900000e+002  1.8000000e+002  1.8700000e+002
  1.5000000e+001  1.4500000e+002  1.7000000e+001  1.1900000e+002  1.9000000e+002  1.9700000e+002
  1.5000000e+001  1.4500000e+002  1.8000000e+001  1.1900000e+002  1.2100000e+002  1.2300000e+002
  1.5000000e+001  1.4500000e+002  1.9000000e+001  1.1900000e+002  1.2000000e+002  1.2200000e+002
  1.5000000e+001  1.4500000e+002  2.0000000e+001  1.1900000e+002  1.4500000e+002  1.5200000e+002
  1.5000000e+001  1.4600000e+002  1.0000000e+000  1.1000000e+002  3.8900000e+002  4.2000000e+002
  1.5000000e+001  1.4600000e+002  2.0000000e+000  1.1000000e+002  4.2800000e+002  4.7100000e+002
  1.5000000e+001  1.4600000e+002  3.0000000e+000  1.1000000e+002  4.8000000e+002  5.1700000e+002
  1.5000000e+001  1.4600000e+002  4.0000000e+000  1.1000000e+002  1.4700000e+002  1.8000000e+002
  1.5000000e+001  1.4600000e+002  5.0000000e+000  1.1000000e+002  2.7600000e+002  3.1100000e+002
  1.5000000e+001  1.4600000e+002  6.0000000e+000  1.1000000e+002  2.0700000e+002  2.4300000e+002
  1.5000000e+001  1.4600000e+002  7.0000000e+000  1.1000000e+002  2.7300000e+002  3.2100000e+002
  1.5000000e+001  1.4600000e+002  8.0000000e+000  1.1000000e+002  2.2500000e+002  2.5400000e+002
  1.5000000e+001  1.4600000e+002  9.0000000e+000  1.1000000e+002  2.6000000e+002  3.0000000e+002
  1.5000000e+001  1.4600000e+002  1.0000000e+001  1.1000000e+002  1.1500000e+002  1.5100000e+002
  1.5000000e+001  1.4600000e+002  1.1000000e+001  1.1000000e+002  1.2080000e+003  1.2500000e+003
  1.5000000e+001  1.4600000e+002  1.2000000e+001  1.1000000e+002  2.4100000e+002  2.7500000e+002
  1.5000000e+001  1.4600000e+002  1.3000000e+001  1.1000000e+002  1.2500000e+002  1.7700000e+002
  1.5000000e+001  1.4600000e+002  1.4000000e+001  1.1000000e+002  3.7000000e+002  4.0000000e+002
  1.5000000e+001  1.4600000e+002  1.5000000e+001  1.1000000e+002  4.0800000e+002  4.5200000e+002
  1.5000000e+001  1.4600000e+002  1.6000000e+001  1.1000000e+002  1.0960000e+003  1.1320000e+003
  1.5000000e+001  1.4600000e+002  1.7000000e+001  1.1000000e+002  7.9900000e+002  8.3000000e+002
  1.5000000e+001  1.4600000e+002  1.8000000e+001  1.1000000e+002  3.7800000e+002  4.2000000e+002
  1.5000000e+001  1.4600000e+002  1.9000000e+001  1.1000000e+002  1.1400000e+002  1.4000000e+002
  1.5000000e+001  1.4600000e+002  2.0000000e+001  1.1000000e+002  4.9800000e+002  5.3400000e+002
  1.5000000e+001  1.4700000e+002  1.0000000e+000  1.1500000e+002  1.2200000e+002  1.6400000e+002
  1.5000000e+001  1.4700000e+002  2.0000000e+000  1.1500000e+002  7.4300000e+002  7.7900000e+002
  1.5000000e+001  1.4700000e+002  3.0000000e+000  1.1500000e+002  1.1080000e+003  1.1480000e+003
  1.5000000e+001  1.4700000e+002  4.0000000e+000  1.1500000e+002  4.7300000e+002  5.0900000e+002
  1.5000000e+001  1.4700000e+002  5.0000000e+000  1.1500000e+002  1.3800000e+002  1.8500000e+002
  1.5000000e+001  1.4700000e+002  6.0000000e+000  1.1500000e+002  7.2700000e+002  7.6600000e+002
  1.5000000e+001  1.4700000e+002  7.0000000e+000  1.1500000e+002  1.4800000e+002  1.9300000e+002
  1.5000000e+001  1.4700000e+002  8.0000000e+000  1.1500000e+002  2.0600000e+002  2.3100000e+002
  1.5000000e+001  1.4700000e+002  9.0000000e+000  1.1500000e+002  1.1800000e+002  1.4000000e+002
  1.5000000e+001  1.4700000e+002  1.0000000e+001  1.1500000e+002  1.1700000e+002  1.2000000e+002
  1.5000000e+001  1.4700000e+002  1.1000000e+001  1.1500000e+002  2.9800000e+002  3.3300000e+002
  1.5000000e+001  1.4700000e+002  1.2000000e+001  1.1500000e+002  3.2900000e+002  3.6600000e+002
  1.5000000e+001  1.4700000e+002  1.3000000e+001  1.1500000e+002  1.0500000e+002  1.1300000e+002
  1.5000000e+001  1.4700000e+002  1.4000000e+001  1.1500000e+002  2.7570000e+003  2.7920000e+003
  1.5000000e+001  1.4700000e+002  1.5000000e+001  1.1500000e+002  5.2200000e+002  5.5800000e+002
  1.5000000e+001  1.4700000e+002  1.6000000e+001  1.1500000e+002  1.3200000e+002  1.8800000e+002
  1.5000000e+001  1.4700000e+002  1.7000000e+001  1.1500000e+002  2.1100000e+002  2.5100000e+002
  1.5000000e+001  1.4700000e+002  1.8000000e+001  1.1500000e+002  1.1700000e+002  1.2000000e+002
  1.5000000e+001  1.4700000e+002  1.9000000e+001  1.1500000e+002  3.6900000e+002  4.0800000e+002
  1.5000000e+001  1.4700000e+002  2.0000000e+001  1.1500000e+002  2.5000000e+002  2.8000000e+002
  1.5000000e+001  1.4800000e+002  1.0000000e+000  1.0800000e+002  1.8700000e+002  2.0100000e+002
  1.5000000e+001  1.4800000e+002  2.0000000e+000  1.0800000e+002  1.3900000e+002  1.4100000e+002
  1.5000000e+001  1.4800000e+002  3.0000000e+000  1.0800000e+002  3.7300000e+002  4.1300000e+002
  1.5000000e+001  1.4800000e+002  4.0000000e+000  1.0800000e+002  1.7300000e+002  2.0100000e+002
  1.5000000e+001  1.4800000e+002  5.0000000e+000  1.0800000e+002  3.3800000e+002  3.7900000e+002
  1.5000000e+001  1.4800000e+002  6.0000000e+000  1.0800000e+002  1.6700000e+002  1.6800000e+002
  1.5000000e+001  1.4800000e+002  7.0000000e+000  1.0800000e+002  1.9800000e+002  2.0800000e+002
  1.5000000e+001  1.4800000e+002  8.0000000e+000  1.0800000e+002  2.6100000e+002  2.9000000e+002
  1.5000000e+001  1.4800000e+002  9.0000000e+000  1.0800000e+002  1.6400000e+002  1.6700000e+002
  1.5000000e+001  1.4800000e+002  1.0000000e+001  1.0800000e+002  1.0300000e+002  1.0900000e+002
  1.5000000e+001  1.4800000e+002  1.1000000e+001  1.0800000e+002  1.2500000e+002  1.3900000e+002
  1.5000000e+001  1.4800000e+002  1.2000000e+001  1.0800000e+002  1.6700000e+002  1.7000000e+002
  1.5000000e+001  1.4800000e+002  1.3000000e+001  1.0800000e+002  1.6600000e+002  1.6700000e+002
  1.5000000e+001  1.4800000e+002  1.4000000e+001  1.0800000e+002  4.5800000e+002  4.9000000e+002
  1.5000000e+001  1.4800000e+002  1.5000000e+001  1.0800000e+002  4.9500000e+002  5.2600000e+002
  1.5000000e+001  1.4800000e+002  1.6000000e+001  1.0800000e+002  1.3600000e+002  1.3900000e+002
  1.5000000e+001  1.4800000e+002  1.7000000e+001  1.0800000e+002  1.1200000e+002  1.3400000e+002
  1.5000000e+001  1.4800000e+002  1.8000000e+001  1.0800000e+002  3.0400000e+002  3.4500000e+002
  1.5000000e+001  1.4800000e+002  1.9000000e+001  1.0800000e+002  1.5100000e+002  1.6600000e+002
  1.5000000e+001  1.4800000e+002  2.0000000e+001  1.0800000e+002  5.4500000e+002  5.7100000e+002
  1.5000000e+001  1.4900000e+002  1.0000000e+000  1.0200000e+002  1.1870000e+003  1.2340000e+003
  1.5000000e+001  1.4900000e+002  2.0000000e+000  1.0200000e+002  1.0220000e+003  1.0640000e+003
  1.5000000e+001  1.4900000e+002  3.0000000e+000  1.0200000e+002  3.2800000e+002  3.7400000e+002
  1.5000000e+001  1.4900000e+002  4.0000000e+000  1.0200000e+002  3.7900000e+002  4.1900000e+002
  1.5000000e+001  1.4900000e+002  5.0000000e+000  1.0200000e+002  3.8500000e+002  4.1800000e+002
  1.5000000e+001  1.4900000e+002  6.0000000e+000  1.0200000e+002  1.1620000e+003  1.1890000e+003
  1.5000000e+001  1.4900000e+002  7.0000000e+000  1.0200000e+002  1.9500000e+002  2.2400000e+002
  1.5000000e+001  1.4900000e+002  8.0000000e+000  1.0200000e+002  1.9400000e+002  2.2700000e+002
  1.5000000e+001  1.4900000e+002  9.0000000e+000  1.0200000e+002  1.0700000e+002  1.4300000e+002
  1.5000000e+001  1.4900000e+002  1.0000000e+001  1.0200000e+002  2.8600000e+002  3.2400000e+002
  1.5000000e+001  1.4900000e+002  1.1000000e+001  1.0200000e+002  8.9800000e+002  9.4500000e+002
  1.5000000e+001  1.4900000e+002  1.2000000e+001  1.0200000e+002  3.9500000e+002  4.2600000e+002
  1.5000000e+001  1.4900000e+002  1.3000000e+001  1.0200000e+002  6.8600000e+002  7.1600000e+002
  1.5000000e+001  1.4900000e+002  1.4000000e+001  1.0200000e+002  3.9600000e+002  4.3000000e+002
  1.5000000e+001  1.4900000e+002  1.5000000e+001  1.0200000e+002  1.5750000e+003  1.6170000e+003
  1.5000000e+001  1.4900000e+002  1.6000000e+001  1.0200000e+002  3.7900000e+002  4.2200000e+002
  1.5000000e+001  1.4900000e+002  1.7000000e+001  1.0200000e+002  2.9100000e+002  3.3200000e+002
  1.5000000e+001  1.4900000e+002  1.8000000e+001  1.0200000e+002  1.2700000e+002  1.6700000e+002
  1.5000000e+001  1.4900000e+002  1.9000000e+001  1.0200000e+002  3.5700000e+002  3.9000000e+002
  1.5000000e+001  1.4900000e+002  2.0000000e+001  1.0200000e+002  1.7280000e+003  1.7700000e+003
  1.5000000e+001  1.5000000e+002  1.0000000e+000  1.0100000e+002  3.3000000e+002  3.7200000e+002
  1.5000000e+001  1.5000000e+002  2.0000000e+000  1.0100000e+002  1.0100000e+002  1.0300000e+002
  1.5000000e+001  1.5000000e+002  3.0000000e+000  1.0100000e+002  7.2300000e+002  7.6400000e+002
  1.5000000e+001  1.5000000e+002  4.0000000e+000  1.0100000e+002  7.0500000e+002  7.3700000e+002
  1.5000000e+001  1.5000000e+002  5.0000000e+000  1.0100000e+002  4.4800000e+002  4.7700000e+002
  1.5000000e+001  1.5000000e+002  6.0000000e+000  1.0100000e+002  1.0400000e+002  1.2300000e+002
  1.5000000e+001  1.5000000e+002  7.0000000e+000  1.0100000e+002  5.7800000e+002  6.1600000e+002
  1.5000000e+001  1.5000000e+002  8.0000000e+000  1.0100000e+002  3.2700000e+002  3.6900000e+002
  1.5000000e+001  1.5000000e+002  9.0000000e+000  1.0100000e+002  2.4500000e+002  2.9000000e+002
  1.5000000e+001  1.5000000e+002  1.0000000e+001  1.0100000e+002  3.0000000e+002  3.3000000e+002
  1.5000000e+001  1.5000000e+002  1.1000000e+001  1.0100000e+002  1.8300000e+002  2.1900000e+002
  1.5000000e+001  1.5000000e+002  1.2000000e+001  1.0100000e+002  8.6800000e+002  9.0500000e+002
  1.5000000e+001  1.5000000e+002  1.3000000e+001  1.0100000e+002  1.0500000e+002  1.2300000e+002
  1.5000000e+001  1.5000000e+002  1.4000000e+001  1.0100000e+002  4.4200000e+002  4.7800000e+002
  1.5000000e+001  1.5000000e+002  1.5000000e+001  1.0100000e+002  2.2000000e+002  2.5200000e+002
  1.5000000e+001  1.5000000e+002  1.6000000e+001  1.0100000e+002  1.4300000e+003  1.4700000e+003
  1.5000000e+001  1.5000000e+002  1.7000000e+001  1.0100000e+002  4.4500000e+002  4.8300000e+002
  1.5000000e+001  1.5000000e+002  1.8000000e+001  1.0100000e+002  5.2600000e+002  5.5500000e+002
  1.5000000e+001  1.5000000e+002  1.9000000e+001  1.0100000e+002  2.0800000e+002  2.4100000e+002
  1.5000000e+001  1.5000000e+002  2.0000000e+001  1.0100000e+002  5.7000000e+002  6.0700000e+002
  1.5000000e+001  1.5100000e+002  1.0000000e+000  1.0400000e+002  3.2000000e+002  3.6100000e+002
  1.5000000e+001  1.5100000e+002  2.0000000e+000  1.0400000e+002  3.3500000e+002  3.6800000e+002
  1.5000000e+001  1.5100000e+002  3.0000000e+000  1.0400000e+002  6.7700000e+002  7.2000000e+002
  1.5000000e+001  1.5100000e+002  4.0000000e+000  1.0400000e+002  1.5000000e+002  1.8600000e+002
  1.5000000e+001  1.5100000e+002  5.0000000e+000  1.0400000e+002  1.4900000e+002  1.7000000e+002
  1.5000000e+001  1.5100000e+002  6.0000000e+000  1.0400000e+002  3.5600000e+002  3.8700000e+002
  1.5000000e+001  1.5100000e+002  7.0000000e+000  1.0400000e+002  2.6900000e+002  3.0100000e+002
  1.5000000e+001  1.5100000e+002  8.0000000e+000  1.0400000e+002  2.5500000e+002  2.8900000e+002
  1.5000000e+001  1.5100000e+002  9.0000000e+000  1.0400000e+002  1.0800000e+002  1.3000000e+002
  1.5000000e+001  1.5100000e+002  1.0000000e+001  1.0400000e+002  1.2800000e+002  1.3100000e+002
  1.5000000e+001  1.5100000e+002  1.1000000e+001  1.0400000e+002  1.3300000e+002  1.4800000e+002
  1.5000000e+001  1.5100000e+002  1.2000000e+001  1.0400000e+002  1.4900000e+002  1.5500000e+002
  1.5000000e+001  1.5100000e+002  1.3000000e+001  1.0400000e+002  3.6300000e+002  3.9500000e+002
  1.5000000e+001  1.5100000e+002  1.4000000e+001  1.0400000e+002  1.3100000e+002  1.3300000e+002
  1.5000000e+001  1.5100000e+002  1.5000000e+001  1.0400000e+002  6.7800000e+002  7.1400000e+002
  1.5000000e+001  1.5100000e+002  1.6000000e+001  1.0400000e+002  1.3300000e+002  1.4800000e+002
  1.5000000e+001  1.5100000e+002  1.7000000e+001  1.0400000e+002  3.0300000e+002  3.3700000e+002
  1.5000000e+001  1.5100000e+002  1.8000000e+001  1.0400000e+002  6.7700000e+002  7.1100000e+002
  1.5000000e+001  1.5100000e+002  1.9000000e+001  1.0400000e+002  5.0100000e+002  5.4400000e+002
  1.5000000e+001  1.5100000e+002  2.0000000e+001  1.0400000e+002  2.9000000e+002  3.3700000e+002
  3.0000000e+001  1.4200000e+002  1.0000000e+000  1.0300000e+002  5.6900000e+002  6.0400000e+002
  3.0000000e+001  1.4200000e+002  2.0000000e+000  1.0300000e+002  3.5700000e+002  3.9400000e+002
  3.0000000e+001  1.4200000e+002  3.0000000e+000  1.0300000e+002  1.7500000e+002  2.1300000e+002
  3.0000000e+001  1.4200000e+002  4.0000000e+000  1.0300000e+002  9.3000000e+002  9.6700000e+002
  3.0000000e+001  1.4200000e+002  5.0000000e+000  1.0300000e+002  2.4500000e+002  3.0100000e+002
  3.0000000e+001  1.4200000e+002  6.0000000e+000  1.0300000e+002  1.7000000e+002  2.1200000e+002
  3.0000000e+001  1.4200000e+002  7.0000000e+000  1.0300000e+002  1.6900000e+002  2.0000000e+002
  3.0000000e+001  1.4200000e+002  8.0000000e+000  1.0300000e+002  5.4500000e+002  5.7300000e+002
  3.0000000e+001  1.4200000e+002  9.0000000e+000  1.0300000e+002  1.5300000e+002  1.8800000e+002
  3.0000000e+001  1.4200000e+002  1.0000000e+001  1.0300000e+002  3.1200000e+002  3.4900000e+002
  3.0000000e+001  1.4200000e+002  1.1000000e+001  1.0300000e+002  3.4000000e+002  3.8100000e+002
  3.0000000e+001  1.4200000e+002  1.2000000e+001  1.0300000e+002  3.7800000e+002  4.1700000e+002
  3.0000000e+001  1.4200000e+002  1.3000000e+001  1.0300000e+002  7.5700000e+002  7.9400000e+002
  3.0000000e+001  1.4200000e+002  1.4000000e+001  1.0300000e+002  2.1200000e+002  2.4800000e+002
  3.0000000e+001  1.4200000e+002  1.5000000e+001  1.0300000e+002  2.6500000e+002  3.0900000e+002
  3.0000000e+001  1.4200000e+002  1.6000000e+001  1.0300000e+002  1.4900000e+002  1.8300000e+002
  3.0000000e+001  1.4200000e+002  1.7000000e+001  1.0300000e+002  3.4400000e+002  3.8800000e+002
  3.0000000e+001  1.4200000e+002  1.8000000e+001  1.0300000e+002  3.0700000e+002  3.3800000e+002
  3.0000000e+001  1.4200000e+002  1.9000000e+001  1.0300000e+002  2.1900000e+002  2.7000000e+002
  3.0000000e+001  1.4200000e+002  2.0000000e+001  1.0300000e+002  1.5500000e+002  1.9800000e+002
  3.0000000e+001  1.4300000e+002  1.0000000e+000  1.0900000e+002  1.9100000e+002  1.9200000e+002
  3.0000000e+001  1.4300000e+002  2.0000000e+000  1.0900000e+002  1.9100000e+002  1.9300000e+002
  3.0000000e+001  1.4300000e+002  3.0000000e+000  1.0900000e+002  1.9300000e+002  2.0800000e+002
  3.0000000e+001  1.4300000e+002  4.0000000e+000  1.0900000e+002  1.9200000e+002  1.9400000e+002
  3.0000000e+001  1.4300000e+002  5.0000000e+000  1.0900000e+002  1.8700000e+002  1.9100000e+002
  3.0000000e+001  1.4300000e+002  6.0000000e+000  1.0900000e+002  1.4400000e+002  1.4800000e+002
  3.0000000e+001  1.4300000e+002  7.0000000e+000  1.0900000e+002  1.1300000e+002  1.3000000e+002
  3.0000000e+001  1.4300000e+002  8.0000000e+000  1.0900000e+002  1.4300000e+002  1.4600000e+002
  3.0000000e+001  1.4300000e+002  9.0000000e+000  1.0900000e+002  1.6500000e+002  1.6700000e+002
  3.0000000e+001  1.4300000e+002  1.0000000e+001  1.0900000e+002  1.9200000e+002  1.9400000e+002
  3.0000000e+001  1.4300000e+002  1.1000000e+001  1.0900000e+002  1.1300000e+002  1.3700000e+002
  3.0000000e+001  1.4300000e+002  1.2000000e+001  1.0900000e+002  2.6500000e+002  3.0300000e+002
  3.0000000e+001  1.4300000e+002  1.3000000e+001  1.0900000e+002  1.3400000e+002  1.4200000e+002
  3.0000000e+001  1.4300000e+002  1.4000000e+001  1.0900000e+002  1.4500000e+002  1.6500000e+002
  3.0000000e+001  1.4300000e+002  1.5000000e+001  1.0900000e+002  1.6700000e+002  1.6900000e+002
  3.0000000e+001  1.4300000e+002  1.6000000e+001  1.0900000e+002  1.9200000e+002  1.9500000e+002
  3.0000000e+001  1.4300000e+002  1.7000000e+001  1.0900000e+002  1.9200000e+002  1.9400000e+002
  3.0000000e+001  1.4300000e+002  1.8000000e+001  1.0900000e+002  1.9100000e+002  1.9300000e+002
  3.0000000e+001  1.4300000e+002  1.9000000e+001  1.0900000e+002  1.4200000e+002  1.4400000e+002
  3.0000000e+001  1.4300000e+002  2.0000000e+001  1.0900000e+002  8.1000000e+002  8.5000000e+002
  3.0000000e+001  1.4400000e+002  1.0000000e+000  1.7100000e+002  1.7400000e+002  1.8900000e+002
  3.0000000e+001  1.4400000e+002  2.0000000e+000  1.7100000e+002  1.3600000e+002  1.4200000e+002
  3.0000000e+001  1.4400000e+002  3.0000000e+000  1.7100000e+002  4.6500000e+002  5.0200000e+002
  3.0000000e+001  1.4400000e+002  4.0000000e+000  1.7100000e+002  1.1600000e+002  1.2200000e+002
  3.0000000e+001  1.4400000e+002  5.0000000e+000  1.7100000e+002  1.2300000e+002  1.2900000e+002
  3.0000000e+001  1.4400000e+002  6.0000000e+000  1.7100000e+002  1.5300000e+002  1.6000000e+002
  3.0000000e+001  1.4400000e+002  7.0000000e+000  1.7100000e+002  2.5700000e+002  3.0100000e+002
  3.0000000e+001  1.4400000e+002  8.0000000e+000  1.7100000e+002  1.7400000e+002  2.0900000e+002
  3.0000000e+001  1.4400000e+002  9.0000000e+000  1.7100000e+002  1.6300000e+002  1.6900000e+002
  3.0000000e+001  1.4400000e+002  1.0000000e+001  1.7100000e+002  1.6800000e+002  1.7300000e+002
  3.0000000e+001  1.4400000e+002  1.1000000e+001  1.7100000e+002  1.4200000e+002  1.4600000e+002
  3.0000000e+001  1.4400000e+002  1.2000000e+001  1.7100000e+002  1.2000000e+002  1.2700000e+002
  3.0000000e+001  1.4400000e+002  1.3000000e+001  1.7100000e+002  1.7300000e+002  1.7600000e+002
  3.0000000e+001  1.4400000e+002  1.4000000e+001  1.7100000e+002  1.4900000e+002  1.5500000e+002
  3.0000000e+001  1.4400000e+002  1.5000000e+001  1.7100000e+002  1.6000000e+002  1.6500000e+002
  3.0000000e+001  1.4400000e+002  1.6000000e+001  1.7100000e+002  5.9600000e+002  6.4900000e+002
  3.0000000e+001  1.4400000e+002  1.7000000e+001  1.7100000e+002  2.5400000e+002  2.9300000e+002
  3.0000000e+001  1.4400000e+002  1.8000000e+001  1.7100000e+002  2.1000000e+002  2.5200000e+002
  3.0000000e+001  1.4400000e+002  1.9000000e+001  1.7100000e+002  1.1900000e+002  1.2700000e+002
  3.0000000e+001  1.4400000e+002  2.0000000e+001  1.7100000e+002  1.0600000e+002  1.1400000e+002
  3.0000000e+001  1.4500000e+002  1.0000000e+000  1.3800000e+002  2.2800000e+002  2.3200000e+002
  3.0000000e+001  1.4500000e+002  2.0000000e+000  1.3800000e+002  1.4000000e+002  1.4300000e+002
  3.0000000e+001  1.4500000e+002  3.0000000e+000  1.3800000e+002  2.0900000e+002  2.1500000e+002
  3.0000000e+001  1.4500000e+002  4.0000000e+000  1.3800000e+002  1.5500000e+002  1.7000000e+002
  3.0000000e+001  1.4500000e+002  5.0000000e+000  1.3800000e+002  2.0900000e+002  2.1700000e+002
  3.0000000e+001  1.4500000e+002  6.0000000e+000  1.3800000e+002  1.6500000e+002  1.7400000e+002
  3.0000000e+001  1.4500000e+002  7.0000000e+000  1.3800000e+002  1.8300000e+002  1.9000000e+002
  3.0000000e+001  1.4500000e+002  8.0000000e+000  1.3800000e+002  1.6800000e+002  1.7500000e+002
  3.0000000e+001  1.4500000e+002  9.0000000e+000  1.3800000e+002  1.2900000e+002  1.3500000e+002
  3.0000000e+001  1.4500000e+002  1.0000000e+001  1.3800000e+002  1.7500000e+002  1.8300000e+002
  3.0000000e+001  1.4500000e+002  1.1000000e+001  1.3800000e+002  2.4000000e+002  2.4600000e+002
  3.0000000e+001  1.4500000e+002  1.2000000e+001  1.3800000e+002  2.7200000e+002  2.7700000e+002
  3.0000000e+001  1.4500000e+002  1.3000000e+001  1.3800000e+002  1.4200000e+002  1.6300000e+002
  3.0000000e+001  1.4500000e+002  1.4000000e+001  1.3800000e+002  1.4500000e+002  1.6800000e+002
  3.0000000e+001  1.4500000e+002  1.5000000e+001  1.3800000e+002  1.8900000e+002  1.9500000e+002
  3.0000000e+001  1.4500000e+002  1.6000000e+001  1.3800000e+002  2.4200000e+002  2.4800000e+002
  3.0000000e+001  1.4500000e+002  1.7000000e+001  1.3800000e+002  2.1900000e+002  2.2500000e+002
  3.0000000e+001  1.4500000e+002  1.8000000e+001  1.3800000e+002  1.1200000e+002  1.1900000e+002
  3.0000000e+001  1.4500000e+002  1.9000000e+001  1.3800000e+002  2.0600000e+002  2.1300000e+002
  3.0000000e+001  1.4500000e+002  2.0000000e+001  1.3800000e+002  1.2800000e+002  1.3400000e+002
  3.0000000e+001  1.4600000e+002  1.0000000e+000  1.2100000e+002  2.4200000e+002  2.7600000e+002
  3.0000000e+001  1.4600000e+002  2.0000000e+000  1.2100000e+002  1.2000000e+002  1.2300000e+002
  3.0000000e+001  1.4600000e+002  3.0000000e+000  1.2100000e+002  3.5900000e+002  3.8800000e+002
  3.0000000e+001  1.4600000e+002  4.0000000e+000  1.2100000e+002  2.0400000e+002  2.4000000e+002
  3.0000000e+001  1.4600000e+002  5.0000000e+000  1.2100000e+002  4.7300000e+002  5.0000000e+002
  3.0000000e+001  1.4600000e+002  6.0000000e+000  1.2100000e+002  4.5600000e+002  5.0200000e+002
  3.0000000e+001  1.4600000e+002  7.0000000e+000  1.2100000e+002  4.4900000e+002  4.9100000e+002
  3.0000000e+001  1.4600000e+002  8.0000000e+000  1.2100000e+002  1.2400000e+002  1.3600000e+002
  3.0000000e+001  1.4600000e+002  9.0000000e+000  1.2100000e+002  1.9100000e+002  2.3200000e+002
  3.0000000e+001  1.4600000e+002  1.0000000e+001  1.2100000e+002  2.5900000e+002  2.9100000e+002
  3.0000000e+001  1.4600000e+002  1.1000000e+001  1.2100000e+002  1.7800000e+002  2.2100000e+002
  3.0000000e+001  1.4600000e+002  1.2000000e+001  1.2100000e+002  4.4300000e+002  4.7100000e+002
  3.0000000e+001  1.4600000e+002  1.3000000e+001  1.2100000e+002  5.6600000e+002  5.9700000e+002
  3.0000000e+001  1.4600000e+002  1.4000000e+001  1.2100000e+002  3.9800000e+002  4.3800000e+002
  3.0000000e+001  1.4600000e+002  1.5000000e+001  1.2100000e+002  5.5600000e+002  6.0200000e+002
  3.0000000e+001  1.4600000e+002  1.6000000e+001  1.2100000e+002  1.2200000e+002  1.2500000e+002
  3.0000000e+001  1.4600000e+002  1.7000000e+001  1.2100000e+002  3.7300000e+002  4.2000000e+002
  3.0000000e+001  1.4600000e+002  1.8000000e+001  1.2100000e+002  2.6000000e+002  2.9600000e+002
  3.0000000e+001  1.4600000e+002  1.9000000e+001  1.2100000e+002  7.7700000e+002  8.1200000e+002
  3.0000000e+001  1.4600000e+002  2.0000000e+001  1.2100000e+002  3.2300000e+002  3.6200000e+002
  3.0000000e+001  1.4700000e+002  1.0000000e+000  1.3000000e+002  1.2400000e+002  1.3100000e+002
  3.0000000e+001  1.4700000e+002  2.0000000e+000  1.3000000e+002  1.1200000e+002  1.2000000e+002
  3.0000000e+001  1.4700000e+002  3.0000000e+000  1.3000000e+002  3.2300000e+002  3.5700000e+002
  3.0000000e+001  1.4700000e+002  4.0000000e+000  1.3000000e+002  2.4700000e+002  2.7700000e+002
  3.0000000e+001  1.4700000e+002  5.0000000e+000  1.3000000e+002  1.2200000e+002  1.2800000e+002
  3.0000000e+001  1.4700000e+002  6.0000000e+000  1.3000000e+002  1.1400000e+002  1.2200000e+002
  3.0000000e+001  1.4700000e+002  7.0000000e+000  1.3000000e+002  2.6500000e+002  3.0500000e+002
  3.0000000e+001  1.4700000e+002  8.0000000e+000  1.3000000e+002  4.9200000e+002  5.3000000e+002
  3.0000000e+001  1.4700000e+002  9.0000000e+000  1.3000000e+002  1.9900000e+002  2.2900000e+002
  3.0000000e+001  1.4700000e+002  1.0000000e+001  1.3000000e+002  1.3000000e+002  1.3300000e+002
  3.0000000e+001  1.4700000e+002  1.1000000e+001  1.3000000e+002  1.2250000e+003  1.2710000e+003
  3.0000000e+001  1.4700000e+002  1.2000000e+001  1.3000000e+002  7.4200000e+002  7.7600000e+002
  3.0000000e+001  1.4700000e+002  1.3000000e+001  1.3000000e+002  1.3400000e+002  1.4800000e+002
  3.0000000e+001  1.4700000e+002  1.4000000e+001  1.3000000e+002  1.1900000e+002  1.2700000e+002
  3.0000000e+001  1.4700000e+002  1.5000000e+001  1.3000000e+002  1.4600000e+002  1.6600000e+002
  3.0000000e+001  1.4700000e+002  1.6000000e+001  1.3000000e+002  3.4600000e+002  3.8300000e+002
  3.0000000e+001  1.4700000e+002  1.7000000e+001  1.3000000e+002  1.8200000e+002  2.1400000e+002
  3.0000000e+001  1.4700000e+002  1.8000000e+001  1.3000000e+002  2.6400000e+002  3.0200000e+002
  3.0000000e+001  1.4700000e+002  1.9000000e+001  1.3000000e+002  1.2400000e+002  1.2900000e+002
  3.0000000e+001  1.4700000e+002  2.0000000e+001  1.3000000e+002  4.4500000e+002  4.7700000e+002
  3.0000000e+001  1.4800000e+002  1.0000000e+000  1.1700000e+002  1.6900000e+002  1.7600000e+002
  3.0000000e+001  1.4800000e+002  2.0000000e+000  1.1700000e+002  2.6700000e+002  2.7600000e+002
  3.0000000e+001  1.4800000e+002  3.0000000e+000  1.1700000e+002  1.4100000e+002  1.5200000e+002
  3.0000000e+001  1.4800000e+002  4.0000000e+000  1.1700000e+002  1.6600000e+002  1.7300000e+002
  3.0000000e+001  1.4800000e+002  5.0000000e+000  1.1700000e+002  1.0800000e+002  1.1500000e+002
  3.0000000e+001  1.4800000e+002  6.0000000e+000  1.1700000e+002  1.7200000e+002  1.7700000e+002
  3.0000000e+001  1.4800000e+002  7.0000000e+000  1.1700000e+002  1.2000000e+002  1.3800000e+002
  3.0000000e+001  1.4800000e+002  8.0000000e+000  1.1700000e+002  2.8800000e+002  2.9700000e+002
  3.0000000e+001  1.4800000e+002  9.0000000e+000  1.1700000e+002  1.7900000e+002  2.0200000e+002
  3.0000000e+001  1.4800000e+002  1.0000000e+001  1.1700000e+002  1.5100000e+002  1.5800000e+002
  3.0000000e+001  1.4800000e+002  1.1000000e+001  1.1700000e+002  2.6100000e+002  2.7000000e+002
  3.0000000e+001  1.4800000e+002  1.2000000e+001  1.1700000e+002  1.4100000e+002  1.5200000e+002
  3.0000000e+001  1.4800000e+002  1.3000000e+001  1.1700000e+002  2.6200000e+002  2.7200000e+002
  3.0000000e+001  1.4800000e+002  1.4000000e+001  1.1700000e+002  2.0300000e+002  2.1400000e+002
  3.0000000e+001  1.4800000e+002  1.5000000e+001  1.1700000e+002  1.1000000e+002  1.1700000e+002
  3.0000000e+001  1.4800000e+002  1.6000000e+001  1.1700000e+002  1.1400000e+002  1.1900000e+002
  3.0000000e+001  1.4800000e+002  1.7000000e+001  1.1700000e+002  2.0200000e+002  2.1200000e+002
  3.0000000e+001  1.4800000e+002  1.8000000e+001  1.1700000e+002  1.1800000e+002  1.2000000e+002
  3.0000000e+001  1.4800000e+002  1.9000000e+001  1.1700000e+002  1.1800000e+002  1.2000000e+002
  3.0000000e+001  1.4800000e+002  2.0000000e+001  1.1700000e+002  2.0600000e+002  2.1500000e+002
  3.0000000e+001  1.4900000e+002  1.0000000e+000  1.0400000e+002  1.8500000e+002  2.1600000e+002
  3.0000000e+001  1.4900000e+002  2.0000000e+000  1.0400000e+002  2.1100000e+002  2.5300000e+002
  3.0000000e+001  1.4900000e+002  3.0000000e+000  1.0400000e+002  5.1100000e+002  5.3800000e+002
  3.0000000e+001  1.4900000e+002  4.0000000e+000  1.0400000e+002  6.0500000e+002  6.3800000e+002
  3.0000000e+001  1.4900000e+002  5.0000000e+000  1.0400000e+002  3.7300000e+002  4.1900000e+002
  3.0000000e+001  1.4900000e+002  6.0000000e+000  1.0400000e+002  3.5000000e+002  3.8600000e+002
  3.0000000e+001  1.4900000e+002  7.0000000e+000  1.0400000e+002  3.2000000e+002  3.5500000e+002
  3.0000000e+001  1.4900000e+002  8.0000000e+000  1.0400000e+002  2.5700000e+002  2.9300000e+002
  3.0000000e+001  1.4900000e+002  9.0000000e+000  1.0400000e+002  1.2000000e+002  1.6500000e+002
  3.0000000e+001  1.4900000e+002  1.0000000e+001  1.0400000e+002  4.3000000e+002  4.6000000e+002
  3.0000000e+001  1.4900000e+002  1.1000000e+001  1.0400000e+002  8.0100000e+002  8.3700000e+002
  3.0000000e+001  1.4900000e+002  1.2000000e+001  1.0400000e+002  1.9900000e+002  2.3400000e+002
  3.0000000e+001  1.4900000e+002  1.3000000e+001  1.0400000e+002  1.2210000e+003  1.2520000e+003
  3.0000000e+001  1.4900000e+002  1.4000000e+001  1.0400000e+002  5.7000000e+002  6.0000000e+002
  3.0000000e+001  1.4900000e+002  1.5000000e+001  1.0400000e+002  2.7100000e+002  3.0900000e+002
  3.0000000e+001  1.4900000e+002  1.6000000e+001  1.0400000e+002  3.5600000e+002  3.9000000e+002
  3.0000000e+001  1.4900000e+002  1.7000000e+001  1.0400000e+002  1.7900000e+002  2.0700000e+002
  3.0000000e+001  1.4900000e+002  1.8000000e+001  1.0400000e+002  1.0900000e+002  1.4200000e+002
  3.0000000e+001  1.4900000e+002  1.9000000e+001  1.0400000e+002  4.2500000e+002  4.5600000e+002
  3.0000000e+001  1.4900000e+002  2.0000000e+001  1.0400000e+002  1.0700000e+002  1.3000000e+002
  3.0000000e+001  1.5000000e+002  1.0000000e+000  1.0300000e+002  1.4700000e+002  1.8000000e+002
  3.0000000e+001  1.5000000e+002  2.0000000e+000  1.0300000e+002  1.4700000e+002  1.7300000e+002
  3.0000000e+001  1.5000000e+002  3.0000000e+000  1.0300000e+002  1.0900000e+002  1.3400000e+002
  3.0000000e+001  1.5000000e+002  4.0000000e+000  1.0300000e+002  1.0460000e+003  1.0790000e+003
  3.0000000e+001  1.5000000e+002  5.0000000e+000  1.0300000e+002  4.7300000e+002  4.9700000e+002
  3.0000000e+001  1.5000000e+002  6.0000000e+000  1.0300000e+002  1.3100000e+002  1.3900000e+002
  3.0000000e+001  1.5000000e+002  7.0000000e+000  1.0300000e+002  1.0800000e+002  1.3200000e+002
  3.0000000e+001  1.5000000e+002  8.0000000e+000  1.0300000e+002  1.3800000e+002  1.4500000e+002
  3.0000000e+001  1.5000000e+002  9.0000000e+000  1.0300000e+002  1.7100000e+002  2.1200000e+002
  3.0000000e+001  1.5000000e+002  1.0000000e+001  1.0300000e+002  1.0130000e+003  1.0350000e+003
  3.0000000e+001  1.5000000e+002  1.1000000e+001  1.0300000e+002  1.4500000e+002  1.6600000e+002
  3.0000000e+001  1.5000000e+002  1.2000000e+001  1.0300000e+002  1.6220000e+003  1.6660000e+003
  3.0000000e+001  1.5000000e+002  1.3000000e+001  1.0300000e+002  1.4700000e+002  1.5900000e+002
  3.0000000e+001  1.5000000e+002  1.4000000e+001  1.0300000e+002  1.3500000e+002  1.4500000e+002
  3.0000000e+001  1.5000000e+002  1.5000000e+001  1.0300000e+002  3.8000000e+002  4.2100000e+002
  3.0000000e+001  1.5000000e+002  1.6000000e+001  1.0300000e+002  4.6700000e+002  5.0000000e+002
  3.0000000e+001  1.5000000e+002  1.7000000e+001  1.0300000e+002  6.3900000e+002  6.7900000e+002
  3.0000000e+001  1.5000000e+002  1.8000000e+001  1.0300000e+002  1.4500000e+002  1.4700000e+002
  3.0000000e+001  1.5000000e+002  1.9000000e+001  1.0300000e+002  2.4200000e+002  2.7600000e+002
  3.0000000e+001  1.5000000e+002  2.0000000e+001  1.0300000e+002  1.0500000e+002  1.0800000e+002
  3.0000000e+001  1.5100000e+002  1.0000000e+000  1.0800000e+002  3.3400000e+002  3.7100000e+002
  3.0000000e+001  1.5100000e+002  2.0000000e+000  1.0800000e+002  1.6000000e+002  1.6200000e+002
  3.0000000e+001  1.5100000e+002  3.0000000e+000  1.0800000e+002  1.3400000e+002  1.4500000e+002
  3.0000000e+001  1.5100000e+002  4.0000000e+000  1.0800000e+002  1.9700000e+002  1.9900000e+002
  3.0000000e+001  1.5100000e+002  5.0000000e+000  1.0800000e+002  1.1200000e+002  1.3200000e+002
  3.0000000e+001  1.5100000e+002  6.0000000e+000  1.0800000e+002  1.5200000e+002  1.6000000e+002
  3.0000000e+001  1.5100000e+002  7.0000000e+000  1.0800000e+002  3.6800000e+002  3.9800000e+002
  3.0000000e+001  1.5100000e+002  8.0000000e+000  1.0800000e+002  1.1200000e+002  1.3700000e+002
  3.0000000e+001  1.5100000e+002  9.0000000e+000  1.0800000e+002  1.9700000e+002  1.9800000e+002
  3.0000000e+001  1.5100000e+002  1.0000000e+001  1.0800000e+002  1.0900000e+002  1.1200000e+002
  3.0000000e+001  1.5100000e+002  1.1000000e+001  1.0800000e+002  1.5600000e+002  1.6100000e+002
  3.0000000e+001  1.5100000e+002  1.2000000e+001  1.0800000e+002  4.0800000e+002  4.3800000e+002
  3.0000000e+001  1.5100000e+002  1.3000000e+001  1.0800000e+002  1.6100000e+002  1.6300000e+002
  3.0000000e+001  1.5100000e+002  1.4000000e+001  1.0800000e+002  8.8000000e+002  9.1000000e+002
  3.0000000e+001  1.5100000e+002  1.5000000e+001  1.0800000e+002  1.1200000e+002  1.3300000e+002
  3.0000000e+001  1.5100000e+002  1.6000000e+001  1.0800000e+002  1.0900000e+002  1.1200000e+002
  3.0000000e+001  1.5100000e+002  1.7000000e+001  1.0800000e+002  1.9400000e+002  1.9700000e+002
  3.0000000e+001  1.5100000e+002  1.8000000e+001  1.0800000e+002  1.4200000e+002  1.5300000e+002
  3.0000000e+001  1.5100000e+002  1.9000000e+001  1.0800000e+002  1.9600000e+002  1.9800000e+002
  3.0000000e+001  1.5100000e+002  2.0000000e+001  1.0800000e+002  1.5700000e+002  1.6100000e+002
