  7.0000000e+000  1.4200000e+002  1.0100000e+002  0.0000000e+000  3.7305000e+002  3.7516796e+002  4.0875000e+002  3.7875459e+002
  7.0000000e+000  1.4300000e+002  1.0200000e+002  0.0000000e+000  3.8620000e+002  1.2799202e+002  4.2325000e+002  1.2857882e+002
  7.0000000e+000  1.4400000e+002  1.1700000e+002  0.0000000e+000  4.3415000e+002  4.8645001e+002  4.6675000e+002  4.8881940e+002
  7.0000000e+000  1.4500000e+002  1.0900000e+002  0.0000000e+000  3.2605000e+002  3.4587714e+002  3.5170000e+002  3.5137176e+002
  7.0000000e+000  1.4600000e+002  1.0500000e+002  0.0000000e+000             NaN             NaN             NaN             NaN
  7.0000000e+000  1.4700000e+002  1.0700000e+002  0.0000000e+000  4.3155000e+002  2.7995347e+002  4.6290000e+002  2.8568568e+002
  7.0000000e+000  1.4800000e+002  1.0400000e+002  0.0000000e+000  6.4975000e+002  4.7988605e+002  6.8700000e+002  4.7908872e+002
  7.0000000e+000  1.4900000e+002  1.0100000e+002  0.0000000e+000  6.1160000e+002  4.4429144e+002  6.5065000e+002  4.4449134e+002
  7.0000000e+000  1.5000000e+002  1.0100000e+002  0.0000000e+000  4.1760000e+002  4.4276599e+002  4.5595000e+002  4.4400349e+002
  7.0000000e+000  1.5100000e+002  1.0200000e+002  0.0000000e+000  5.1830000e+002  5.7368358e+002  5.5055000e+002  5.7726237e+002
  1.5000000e+001  1.4200000e+002  1.0200000e+002  0.0000000e+000  4.8095000e+002  5.4863001e+002  5.1315000e+002  5.5239481e+002
  1.5000000e+001  1.4300000e+002  1.0500000e+002  0.0000000e+000  4.2745000e+002  4.0761262e+002  4.5730000e+002  4.1540292e+002
  1.5000000e+001  1.4400000e+002  1.3600000e+002  0.0000000e+000  4.3100000e+002  2.7043824e+002  4.6200000e+002  2.7855000e+002
  1.5000000e+001  1.4500000e+002  1.1900000e+002  0.0000000e+000  1.6945000e+002  7.2065376e+001  1.7730000e+002  7.9972429e+001
  1.5000000e+001  1.4600000e+002  1.1000000e+002  0.0000000e+000  4.0185000e+002  3.0449998e+002  4.3890000e+002  3.0492724e+002
  1.5000000e+001  1.4700000e+002  1.1500000e+002  0.0000000e+000  4.4950000e+002  6.0579417e+002  4.8220000e+002  6.0818224e+002
  1.5000000e+001  1.4800000e+002  1.0800000e+002  0.0000000e+000  2.3810000e+002  1.3487222e+002  2.5620000e+002  1.4514370e+002
  1.5000000e+001  1.4900000e+002  1.0200000e+002  0.0000000e+000  6.0385000e+002  4.8708081e+002  6.4155000e+002  4.8893434e+002
  1.5000000e+001  1.5000000e+002  1.0100000e+002  0.0000000e+000  4.4290000e+002  3.2017033e+002  4.7570000e+002  3.2478091e+002
  1.5000000e+001  1.5100000e+002  1.0400000e+002  0.0000000e+000  3.0525000e+002  1.9162817e+002  3.3325000e+002  2.0058070e+002
  3.0000000e+001  1.4200000e+002  1.0300000e+002  0.0000000e+000  3.3755000e+002  2.1233947e+002  3.7635000e+002  2.1096203e+002
  3.0000000e+001  1.4300000e+002  1.0900000e+002  0.0000000e+000  2.0310000e+002  1.4715402e+002  2.1275000e+002  1.5467483e+002
  3.0000000e+001  1.4400000e+002  1.7100000e+002  0.0000000e+000  1.9790000e+002  1.2276289e+002  2.1500000e+002  1.3623432e+002
  3.0000000e+001  1.4500000e+002  1.3800000e+002  0.0000000e+000  1.8280000e+002  4.4272601e+001  1.9110000e+002  4.2609487e+001
  3.0000000e+001  1.4600000e+002  1.2100000e+002  0.0000000e+000  3.4365000e+002  1.7460611e+002  3.7615000e+002  1.8080617e+002
  3.0000000e+001  1.4700000e+002  1.3000000e+002  0.0000000e+000  2.9275000e+002  2.7303709e+002  3.1625000e+002  2.8301439e+002
  3.0000000e+001  1.4800000e+002  1.1700000e+002  0.0000000e+000  1.7480000e+002  5.7883367e+001  1.8375000e+002  5.8974459e+001
  3.0000000e+001  1.4900000e+002  1.0400000e+002  0.0000000e+000  3.8000000e+002  2.6954015e+002  4.1400000e+002  2.6879341e+002
  3.0000000e+001  1.5000000e+002  1.0300000e+002  0.0000000e+000  3.7550000e+002  4.1099270e+002  3.9965000e+002  4.1790332e+002
  3.0000000e+001  1.5100000e+002  1.0800000e+002  0.0000000e+000  2.1950000e+002  1.7785757e+002  2.3200000e+002  1.8495889e+002
