  1.0000000e+000  1.2200000e+002             NaN             NaN  1.7415000e+002  3.6752766e+001
  1.0000000e+000  1.2300000e+002             NaN             NaN  1.6545000e+002  3.7405987e+001
  1.0000000e+000  1.2400000e+002             NaN             NaN  1.6310000e+002  3.9490039e+001
  1.0000000e+000  1.2500000e+002             NaN             NaN  1.5095000e+002  3.1403109e+001
  1.0000000e+000  1.2600000e+002             NaN             NaN  1.7325000e+002  3.6903680e+001
  1.0000000e+000  1.2700000e+002             NaN             NaN  1.7710000e+002  3.0915675e+001
  1.0000000e+000  1.2800000e+002             NaN             NaN  1.5950000e+002  3.9606618e+001
  1.0000000e+000  1.2900000e+002             NaN             NaN  1.7960000e+002  4.9935116e+001
  1.0000000e+000  1.3000000e+002             NaN             NaN  1.5215000e+002  3.1092858e+001
  1.0000000e+000  1.3100000e+002             NaN             NaN  1.7700000e+002  3.7481223e+001
  1.0000000e+000  1.3200000e+002             NaN             NaN  1.5795000e+002  3.7721242e+001
  1.0000000e+000  1.3300000e+002             NaN             NaN  1.5340000e+002  3.4161228e+001
  1.0000000e+000  1.3400000e+002             NaN             NaN  1.7200000e+002  4.1254027e+001
  1.0000000e+000  1.3500000e+002             NaN             NaN  1.4985000e+002  2.9810410e+001
  1.0000000e+000  1.3600000e+002             NaN             NaN  1.6885000e+002  3.5249897e+001
  1.0000000e+000  1.3700000e+002             NaN             NaN  1.5785000e+002  2.7543793e+001
  1.0000000e+000  1.3800000e+002             NaN             NaN  1.7215000e+002  3.7418367e+001
  1.0000000e+000  1.3900000e+002             NaN             NaN  1.6695000e+002  4.0197506e+001
  1.0000000e+000  1.4000000e+002             NaN             NaN  1.6850000e+002  3.6251316e+001
  1.0000000e+000  1.4100000e+002             NaN             NaN  1.5960000e+002  3.4091826e+001
  2.0000000e+000  1.2200000e+002             NaN             NaN  1.4245000e+002  2.1037498e+001
  2.0000000e+000  1.2300000e+002             NaN             NaN  1.5350000e+002  3.2947326e+001
  2.0000000e+000  1.2400000e+002             NaN             NaN  1.4035000e+002  2.8279200e+001
  2.0000000e+000  1.2500000e+002             NaN             NaN  1.4270000e+002  2.5670175e+001
  2.0000000e+000  1.2600000e+002             NaN             NaN  1.4655000e+002  2.9409048e+001
  2.0000000e+000  1.2700000e+002             NaN             NaN  1.4215000e+002  2.1655861e+001
  2.0000000e+000  1.2800000e+002             NaN             NaN  1.4655000e+002  2.2739891e+001
  2.0000000e+000  1.2900000e+002             NaN             NaN  1.3580000e+002  2.0019990e+001
  2.0000000e+000  1.3000000e+002             NaN             NaN  1.5170000e+002  2.1317401e+001
  2.0000000e+000  1.3100000e+002             NaN             NaN  1.3985000e+002  2.5923521e+001
  2.0000000e+000  1.3200000e+002             NaN             NaN  1.3525000e+002  2.1250077e+001
  2.0000000e+000  1.3300000e+002             NaN             NaN  1.4290000e+002  2.5999798e+001
  2.0000000e+000  1.3400000e+002             NaN             NaN  1.4330000e+002  2.3958517e+001
  2.0000000e+000  1.3500000e+002             NaN             NaN  1.4765000e+002  2.9387206e+001
  2.0000000e+000  1.3600000e+002             NaN             NaN  1.2745000e+002  1.9755013e+001
  2.0000000e+000  1.3700000e+002             NaN             NaN  1.3390000e+002  2.3806014e+001
  2.0000000e+000  1.3800000e+002             NaN             NaN  1.3185000e+002  2.6047073e+001
  2.0000000e+000  1.3900000e+002             NaN             NaN  1.4275000e+002  2.3858961e+001
  2.0000000e+000  1.4000000e+002             NaN             NaN  1.4575000e+002  2.3525742e+001
  2.0000000e+000  1.4100000e+002             NaN             NaN  1.3850000e+002  2.3811762e+001
  5.0000000e+000  1.2200000e+002             NaN             NaN  1.2300000e+002  1.9934102e+001
  5.0000000e+000  1.2300000e+002             NaN             NaN  1.1645000e+002  1.4076763e+001
  5.0000000e+000  1.2400000e+002             NaN             NaN  1.2080000e+002  1.8291787e+001
  5.0000000e+000  1.2500000e+002             NaN             NaN  1.2045000e+002  1.4687893e+001
  5.0000000e+000  1.2600000e+002             NaN             NaN  1.1595000e+002  1.0689272e+001
  5.0000000e+000  1.2700000e+002             NaN             NaN  1.1855000e+002  1.0343953e+001
  5.0000000e+000  1.2800000e+002             NaN             NaN  1.1655000e+002  1.2538257e+001
  5.0000000e+000  1.2900000e+002             NaN             NaN  1.2180000e+002  1.7071367e+001
  5.0000000e+000  1.3000000e+002             NaN             NaN  1.1890000e+002  1.6839490e+001
  5.0000000e+000  1.3100000e+002             NaN             NaN  1.2175000e+002  1.1827154e+001
  5.0000000e+000  1.3200000e+002             NaN             NaN  1.1695000e+002  1.5367344e+001
  5.0000000e+000  1.3300000e+002             NaN             NaN  1.2265000e+002  1.7257416e+001
  5.0000000e+000  1.3400000e+002             NaN             NaN  1.1355000e+002  1.5222819e+001
  5.0000000e+000  1.3500000e+002             NaN             NaN  1.1670000e+002  1.3977802e+001
  5.0000000e+000  1.3600000e+002             NaN             NaN  1.1825000e+002  1.5241477e+001
  5.0000000e+000  1.3700000e+002             NaN             NaN  1.1665000e+002  1.1393789e+001
  5.0000000e+000  1.3800000e+002             NaN             NaN  1.1280000e+002  1.5295682e+001
  5.0000000e+000  1.3900000e+002             NaN             NaN  1.1765000e+002  1.3846052e+001
  5.0000000e+000  1.4000000e+002             NaN             NaN  1.1540000e+002  1.5802731e+001
  5.0000000e+000  1.4100000e+002             NaN             NaN  1.2045000e+002  1.7052473e+001
  5.0000000e+001  1.2200000e+002             NaN             NaN  6.9550000e+001  5.6145956e+000
  5.0000000e+001  1.2300000e+002             NaN             NaN  6.8950000e+001  5.9513378e+000
  5.0000000e+001  1.2400000e+002             NaN             NaN  7.1650000e+001  6.1923127e+000
  5.0000000e+001  1.2500000e+002             NaN             NaN  7.1550000e+001  6.7627073e+000
  5.0000000e+001  1.2600000e+002             NaN             NaN  7.0650000e+001  6.6591844e+000
  5.0000000e+001  1.2700000e+002             NaN             NaN  7.1600000e+001  5.8164920e+000
  5.0000000e+001  1.2800000e+002             NaN             NaN  7.2050000e+001  7.8100812e+000
  5.0000000e+001  1.2900000e+002             NaN             NaN  7.0150000e+001  3.9639826e+000
  5.0000000e+001  1.3000000e+002             NaN             NaN  6.9450000e+001  5.1857599e+000
  5.0000000e+001  1.3100000e+002             NaN             NaN  7.0650000e+001  5.9584085e+000
  5.0000000e+001  1.3200000e+002             NaN             NaN  7.1800000e+001  6.7089885e+000
  5.0000000e+001  1.3300000e+002             NaN             NaN  7.3350000e+001  6.5234395e+000
  5.0000000e+001  1.3400000e+002             NaN             NaN  7.1300000e+001  8.0072336e+000
  5.0000000e+001  1.3500000e+002             NaN             NaN  7.0800000e+001  6.4693610e+000
  5.0000000e+001  1.3600000e+002             NaN             NaN  7.2750000e+001  6.5040473e+000
  5.0000000e+001  1.3700000e+002             NaN             NaN  7.2350000e+001  6.1496684e+000
  5.0000000e+001  1.3800000e+002             NaN             NaN  7.2350000e+001  7.2784831e+000
  5.0000000e+001  1.3900000e+002             NaN             NaN  7.1300000e+001  4.8677240e+000
  5.0000000e+001  1.4000000e+002             NaN             NaN  7.2500000e+001  7.3663531e+000
  5.0000000e+001  1.4100000e+002             NaN             NaN  7.4550000e+001  6.8708002e+000
