  7.0000000e+000  1.4200000e+002  1.0100000e+002  0.0000000e+000  1.6510000e+002  4.1507006e+001  1.7500000e+002  4.2610846e+001
  7.0000000e+000  1.4300000e+002  1.0200000e+002  0.0000000e+000  2.1940000e+002  1.1749777e+002  2.2780000e+002  1.1623823e+002
  7.0000000e+000  1.4400000e+002  1.1700000e+002  0.0000000e+000  1.3925000e+002  3.1540909e+001  1.4565000e+002  3.1481448e+001
  7.0000000e+000  1.4500000e+002  1.0900000e+002  0.0000000e+000  1.7165000e+002  3.3372341e+001  1.7715000e+002  3.5142230e+001
  7.0000000e+000  1.4600000e+002  1.0500000e+002  0.0000000e+000  1.6690000e+002  4.5253555e+001  1.7975000e+002  4.3010250e+001
  7.0000000e+000  1.4700000e+002  1.0700000e+002  0.0000000e+000  1.8045000e+002  8.4285527e+001  1.9280000e+002  8.5068765e+001
  7.0000000e+000  1.4800000e+002  1.0400000e+002  0.0000000e+000  1.6105000e+002  4.3636628e+001  1.6920000e+002  4.5618094e+001
  7.0000000e+000  1.4900000e+002  1.0100000e+002  0.0000000e+000  1.7405000e+002  4.7912722e+001  1.8330000e+002  4.9286595e+001
  7.0000000e+000  1.5000000e+002  1.0100000e+002  0.0000000e+000  1.7105000e+002  4.5218155e+001  1.7915000e+002  4.4288854e+001
  7.0000000e+000  1.5100000e+002  1.0200000e+002  0.0000000e+000  1.4515000e+002  2.9171498e+001  1.5495000e+002  2.9173663e+001
  1.5000000e+001  1.4200000e+002  1.0200000e+002  0.0000000e+000  2.0055000e+002  1.2520151e+002  2.1200000e+002  1.2515128e+002
  1.5000000e+001  1.4300000e+002  1.0500000e+002  0.0000000e+000  1.8290000e+002  7.2010891e+001  1.9670000e+002  7.3777832e+001
  1.5000000e+001  1.4400000e+002  1.3600000e+002  0.0000000e+000  1.7985000e+002  5.6814819e+001  1.8980000e+002  5.8570336e+001
  1.5000000e+001  1.4500000e+002  1.1900000e+002  0.0000000e+000  1.9270000e+002  5.6877616e+001  1.9865000e+002  5.7390880e+001
  1.5000000e+001  1.4600000e+002  1.1000000e+002  0.0000000e+000  2.0730000e+002  8.8193030e+001  2.1815000e+002  8.8643149e+001
  1.5000000e+001  1.4700000e+002  1.1500000e+002  0.0000000e+000  2.2070000e+002  1.0308356e+002  2.3385000e+002  1.0593408e+002
  1.5000000e+001  1.4800000e+002  1.0800000e+002  0.0000000e+000  1.5250000e+002  3.6831765e+001  1.5675000e+002  3.7175084e+001
  1.5000000e+001  1.4900000e+002  1.0200000e+002  0.0000000e+000  1.8890000e+002  5.5568734e+001  1.9950000e+002  5.5996710e+001
  1.5000000e+001  1.5000000e+002  1.0100000e+002  0.0000000e+000  1.9145000e+002  1.1440118e+002  2.0240000e+002  1.1242326e+002
  1.5000000e+001  1.5100000e+002  1.0400000e+002  0.0000000e+000  1.5900000e+002  3.5423751e+001  1.6815000e+002  3.8226851e+001
  3.0000000e+001  1.4200000e+002  1.0300000e+002  0.0000000e+000  2.2675000e+002  1.4920522e+002  2.3925000e+002  1.4979877e+002
  3.0000000e+001  1.4300000e+002  1.0900000e+002  0.0000000e+000  1.5645000e+002  2.9215128e+001  1.6190000e+002  3.5359656e+001
  3.0000000e+001  1.4400000e+002  1.7100000e+002  0.0000000e+000  1.7755000e+002  5.1604238e+001  1.8685000e+002  5.5991799e+001
  3.0000000e+001  1.4500000e+002  1.3800000e+002  0.0000000e+000  1.7305000e+002  3.9338578e+001  1.8025000e+002  3.8978908e+001
  3.0000000e+001  1.4600000e+002  1.2100000e+002  0.0000000e+000  1.8425000e+002  6.9602537e+001  1.9525000e+002  7.7987769e+001
  3.0000000e+001  1.4700000e+002  1.3000000e+002  0.0000000e+000  2.0570000e+002  8.0319821e+001  2.2260000e+002  8.3671916e+001
  3.0000000e+001  1.4800000e+002  1.1700000e+002  0.0000000e+000  1.7405000e+002  3.0474277e+001  1.8360000e+002  3.2158162e+001
  3.0000000e+001  1.4900000e+002  1.0400000e+002  0.0000000e+000  1.7520000e+002  7.8598647e+001  1.8620000e+002  8.2142751e+001
  3.0000000e+001  1.5000000e+002  1.0300000e+002  0.0000000e+000  1.8580000e+002  9.8779712e+001  1.9660000e+002  1.0177395e+002
  3.0000000e+001  1.5100000e+002  1.0800000e+002  0.0000000e+000  1.7555000e+002  3.4125889e+001  1.8220000e+002  3.5012178e+001
